0,998
1,9463
2,3108
32,4118
16,10624
17,1122
33,2688
3,3448
34,1566
64,3420
35,5887
4,9426
18,12558
19,1712
5,2743
6,1121
80,2533
20,1956
65,9110
21,154
36,9838
81,2390
48,21480
66,3599
67,1755
22,6274
7,8127
68,941
23,1167
8,1572
69,2275
24,1746
9,1178
37,9388
82,10307
49,10641
70,4714
50,2151
83,4102
38,6221
51,2293
25,7242
71,3617
10,8531
84,3683
39,4221
26,2173
11,4068
72,5642
12,1725
40,4438
27,5704
28,348
52,10992
13,2785
85,7607
73,5216
53,3246
29,3643
74,1401
54,2079
86,4561
75,1291
41,9470
14,6413
42,2669
15,2301
55,4852
87,5468
43,2298
76,8234
77,3273
78,272
44,7618
79,1776
88,9375
45,3911
89,4754
56,14787
30,23905
90,2078
91,1428
57,5650
92,3140
46,8513
47,1261
31,7975
58,3427
93,4864
59,8908
94,10962
60,3544
61,2949
95,9051
62,14302
63,14207
0,2213
1,7951
32,1078
2,2145
3,31
33,720
4,30
5,47
6,35
34,1543
7,1310
48,4681
49,336
64,883
80,34
8,12129
65,3274
9,796
10,584
11,1162
81,3863
82,799
83,33
84,29
85,2849
86,71
87,323
88,33
35,37289
36,2887
37,26
66,50409
38,40622
67,12685
68,43
69,1391
70,2497
71,118
72,5317
73,1389
74,5472
16,98990
17,5610
18,769
12,103139
13,34
19,9527
20,2153
21,31
14,12402
75,56977
15,5368
22,44763
23,731
50,162492
51,30
52,3020
24,6029
76,42483
25,6321
26,31
53,11711
27,2062
28,902
29,34
30,37359
31,1950
77,61857
78,1237
79,6837
39,333554
40,7482
41,29
42,306
43,1320
44,66
45,12742
46,8372
47,48
54,362686
55,2103
56,715517
57,152390
58,908
59,4775
60,8826
61,58361
62,91
63,2712
89,2279772
90,15357
91,33
92,1115
93,168
94,259
95,6956
32,1095
33,207
34,924
35,5504
64,2114
80,31
48,11171
49,395
50,35
51,33
16,28763
81,5791
17,228
82,874
18,947
83,27
19,34
84,49
36,8461
37,48
85,1212
86,129
87,124
52,8622
88,38
89,356
90,1416
91,35
92,1405
93,33
94,403
53,7548
54,997
95,7897
55,1175
56,1393
65,20624
66,1998
0,46841
1,3329
2,14356
3,74
4,34
5,40
6,30
67,30508
68,47
69,7936
20,85509
21,33
7,18952
70,10840
71,351
8,4003
9,860
10,224
72,2576
11,1224
73,667
12,1152
13,32
74,2778
75,44
76,1108
14,3592
77,32
15,3948
22,44749
23,36
24,20087
78,65084
25,105868
26,36
27,3681
28,688
29,35
30,6755
31,1834
38,406236
39,69294
40,16433
41,34
42,522
43,875
44,185
45,62
46,6325
47,33
57,658203
58,360
59,10963
60,86
61,14192
62,46
63,1648
79,2364315
0,402
1,13709
2,370
3,36
4,73
5,144
6,31
32,6466
33,564
48,2443
34,1013
35,1082
36,169
64,1355
16,18723
17,370
37,1664
49,2862
65,623
50,28
18,377
51,32
19,34
20,32
66,1129
38,1738
67,136
80,28
81,1057
52,3239
39,4178
40,33
41,299
42,164
43,1027
53,4580
82,10337
83,33
54,2037
68,13456
44,4647
69,648
55,1257
45,232
46,2398
84,7276
47,32
85,1463
86,1367
87,71
88,156
89,46
70,11417
90,2218
91,3890
92,261
93,90
94,638
71,12766
72,6846
73,1735
74,9941
75,34
76,1443
77,30
56,64549
78,38031
79,143
21,158449
7,210470
8,3088
9,1689
10,330
11,3503
12,3622
13,27
95,219446
14,24016
15,745
22,194737
23,105
24,23635
25,157
26,68
27,2674
28,526
29,108996
30,1210
31,2323
57,805961
58,45
59,10837
60,48
61,15928
62,45
63,1485
0,105
16,2544
17,97
18,149
19,2098
20,35
21,115
22,47
64,959
80,36
65,2656
23,14731
66,2010
81,2584
48,12927
67,354
68,892
69,914
49,4777
50,33
51,33
52,21600
53,4717
24,52219
25,103
26,720
27,2945
28,626
54,23792
82,49218
83,35708
84,6396
85,210
86,2089
87,48
88,29
89,140
90,128
91,30210
92,57
93,8051
29,139536
30,2369
31,4323
55,214180
56,249
57,82
58,915
59,19013
60,81
61,10885
94,94293
62,93
63,4305
95,5191
70,583048
71,8008
72,124
73,2396
74,5732
75,31
76,2502
77,30
78,96658
79,141
1,1176917
2,577
3,92
4,702
5,60
6,470
7,2176
8,7552
9,3218
10,39
11,382
12,56608
13,32
14,36
15,657
32,4803521
33,25
34,8865
35,3875
36,1058
37,1365338
38,669
39,31697
40,35
41,7243
42,88
43,618907
44,825
45,84
46,801
47,34
0,46
1,6480
2,1588
32,2099
33,71
48,2211
49,784
50,35
51,623
52,119
64,1235
65,1624
53,1811
66,325
54,87
67,695
68,3311
69,34
70,2633
16,33235
17,33
18,1081
80,7084
81,2218
82,33
34,21535
3,23363
35,2382
36,216
37,2432
38,1171
39,648
40,1714
71,15129
72,60
41,2913
42,181
73,1583
43,1262
83,12708
44,619
45,131
74,5450
75,33
76,3348
77,105
78,1240
79,154
4,36830
5,35
46,17122
84,20760
85,143
86,427
87,541
88,32
89,1597
90,403
47,7021
91,48591
92,291
93,214
94,3139
95,10214
6,267468
7,338
8,159414
9,29
10,177
11,547
19,335113
20,618
21,302
22,637
23,516
55,381337
12,8957
56,1500
57,233
58,3155
59,3024
60,44
24,14708
25,270
26,28
27,25938
28,14805
29,6663
30,6418
31,445
61,230227
62,54827
63,21079
13,4733251
14,35
15,933
0,48
16,33
17,95
18,92
1,5896
32,1413
48,1262
19,13702
49,1356
64,6008
2,21509
65,1618
33,20590
66,1244
67,441
68,947
69,114
80,9397
70,3614
81,3433
82,33
83,7877
84,69
85,61
71,12500
72,77
86,5315
73,2420
74,2682
75,283
76,1513
77,42
78,1040
87,8267
88,5246
89,32
90,51519
50,128896
34,134459
35,12046
36,861
37,1887
38,4114
39,812
40,1518
91,69579
41,4948
42,367
43,5795
44,953
20,145219
21,859
45,2874
51,51345
22,1340
52,125
23,872
92,9512
93,59
94,5190
95,2224
53,20340
54,44
55,2710
56,34
57,31
58,352
59,12754
60,61
61,25100
62,36
63,3749
24,72369
25,49649
26,37
27,4314
28,62
29,66508
30,1618
31,1325
46,423024
47,956
79,638757
3,706611
4,1454
5,50
6,32476
7,6301
8,32
9,45
10,35
11,1120822
12,6525
13,165
14,33
15,5789
0,42
16,46
32,1043
33,590
34,316
64,226
48,4304
65,5325
66,2190
67,1115
1,30921
68,4177
17,26979
18,74
2,2249
3,48
4,1365
80,7041
69,3880
19,4062
70,2970
81,10812
5,15069
82,15606
6,25060
83,11531
84,171
7,1252
8,43
85,461
86,1052
87,4922
88,30
89,32
71,34341
72,612
73,1169
74,3177
9,32709
10,144
35,118003
36,6207
37,537
38,2252
39,72
40,1019
41,2025
75,81827
76,4812
77,33
78,2959
79,47
11,103724
12,29442
13,722
14,36
15,1457
49,434691
20,385805
21,452
22,304
23,4601
24,41144
25,44
26,45
27,5506
28,71
29,8851
30,1070
31,4131
50,184221
51,399
42,486843
43,157599
52,190836
53,146
54,44
55,1393
56,75
57,153
58,376
59,13504
44,183622
45,3110
46,1323
47,681
60,285139
61,2024
62,59
63,25064
90,2562358
91,13952
92,511
93,94
94,104
95,913
0,146
1,26
2,2560
3,34
4,321
16,1554
17,143
18,89
19,2985
5,7002
20,1272
32,2914
21,1004
33,550
34,45
22,699
35,118
6,4480
7,382
23,3108
64,239
80,2144
24,11435
25,227
65,12120
66,185
26,4870
27,2555
28,2010
29,2616
30,1260
31,130
67,21959
68,6726
48,70707
49,59
50,35
51,1468
52,1246
53,922
54,162
55,1345
56,14442
57,1069
58,12866
59,7161
60,479
61,3960
81,137378
69,138676
70,819
71,29674
72,3435
73,294
74,34
75,12522
76,36
77,44
78,12579
79,93
62,147951
63,2334
36,533732
37,630
38,1322
39,46
40,6244
8,692703
9,46
41,4485
42,198
10,3345
43,388
44,502
45,84
46,139
47,1571
11,273568
12,671
13,94
14,2525
15,1158
82,823909
83,750
84,31
85,33038
86,1452
87,1706
88,36
89,123
90,2403996
91,2493
92,3736
93,647
94,276
95,3436
16,1219
17,612
80,6494
64,10822
65,890
66,111
81,6131
32,26058
33,659
48,24117
49,164
50,59
18,30824
34,1463
35,398
36,118
37,1046
19,5967
38,4085
39,50
20,3008
21,360
22,80
23,1265
24,2064
25,2834
26,70
27,1414
28,70428
51,89450
52,870
29,3113
82,89105
83,866
84,31
67,90137
85,35
68,1344
69,8181
70,976
71,12263
30,59164
31,44
72,50016
73,463
74,27
75,19160
76,31
77,45
78,136445
79,48
0,589257
1,46
2,138
3,36
4,552
5,4141
6,8378
7,941
86,458371
87,3926
88,1910
89,23426
8,118514
9,170
10,27165
11,407
12,1159
13,44
14,824
15,2498
90,422897
91,19113
92,34
93,19661
40,1013793
41,91
42,157
43,1154
44,4102
45,36
46,639
47,875
53,1165259
54,172793
55,3444
56,519
57,154
58,45
59,1679
60,316
61,7229
62,221
63,3062
94,1323602
95,97001
32,7923
33,1661
16,13581
80,70
81,12552
48,24399
17,43867
18,25829
19,31533
64,103749
65,1346
66,556
20,40205
21,1309
22,61
23,2771
24,2514
25,5220
26,601
27,4121
49,186732
50,35
67,210792
68,87014
69,26506
51,467923
52,1971
53,5085
54,201
55,53360
56,1058
57,288
58,48
59,543
60,502
61,1042
62,604
63,7282
82,744336
83,3087
84,3201
85,28
86,8116
70,396090
71,31499
72,23813
73,215
74,30
75,788
76,34
77,8348
87,169113
88,4578
34,1229335
35,35
36,521
37,3154
38,177370
28,1569058
29,1451
30,23945
31,74
89,842200
39,875408
40,40863
41,158
42,45
43,1592
44,26885
45,301
46,1962
47,1397
0,2804839
90,1048186
91,6923
92,34
93,6842
94,127184
95,6018
1,833033
2,275
3,34
4,5169
5,3670
6,9541
7,104
8,24263
9,127740
10,5163
11,278
12,320
13,62
14,831
78,2857086
79,36
15,3418478
48,32
49,296
50,34
51,31
52,1556
64,144
80,580
65,12934
66,116
67,1560
32,34935
33,1554
34,1011
35,36
53,32808
54,262
36,12987
55,2496
56,2234
37,69291
38,5700
39,63499
57,156797
58,4495
59,1320
40,22056
41,374
42,85
43,2204
44,47
81,162510
82,8601
83,2631
84,247
85,36
45,20030
86,8118
87,18953
88,7831
89,974
90,7807
46,45662
60,111311
61,959
62,4099
47,34056
91,108548
92,599
63,55797
93,12504
68,410777
69,1049
70,387
71,810
72,31695
73,260
74,1041
75,2768
76,66720
77,358
78,38100
79,26
94,243860
0,707726
1,67955
2,41154
3,29
4,15357
5,15304
6,375
7,34
8,60102
95,200709
9,795
10,1317
11,456
12,171
13,6030
14,45
15,477
16,756510
17,38411
18,6044
19,222
20,824
21,1390
22,103
23,1574452
24,81193
25,325
26,12139
27,2971860
28,1033
29,1085
30,50149
31,159497
32,2214
33,1865
48,35
34,446
35,1007
49,1500
50,33
51,30
52,340
53,1235
64,156
65,537
66,130
54,1243
36,4737
67,1762
37,721
55,2039
56,3431
68,7161
38,5880
69,654
70,203
71,24862
80,25247
81,46
72,9931
73,4547
0,76996
74,9453
1,20399
2,23437
3,57
4,12492
5,4238
6,753
7,45
39,111452
16,120456
8,23019
9,381
10,5571
11,5532
12,350
13,104
14,35
15,510
75,79679
76,563
77,139
78,3082
79,25
17,46268
18,3568
19,166
20,229
21,2814
22,41
57,164717
40,70557
41,441
82,191805
58,77337
59,33
83,3870
84,3017
60,4314
61,1328
62,17676
42,83359
23,128924
24,3294
25,160
26,221
43,45793
44,34
45,629
46,229
63,89554
47,1890
85,225911
86,2148
87,162708
88,1641
89,481
90,5205
91,90762
92,141790
93,9195
94,42
95,81082
27,882443
28,2033
29,1340
30,90162
31,50172
32,933
64,384
65,1035
80,37
81,134
82,372
66,4808
83,1032
16,27288
17,14025
18,19388
19,44
20,254
21,1247
22,49
48,108698
84,66035
85,12659
86,684
87,862
88,603
23,41718
89,5917
67,95254
24,10566
25,226
90,10739
26,250
68,6863
69,697
70,58
71,1703
91,8850
92,4597
93,2999
94,32
72,14866
73,60453
74,934
75,2687
76,505
77,32
0,245225
78,10737
79,29
1,26635
95,174890
2,51596
3,35
4,40947
5,2446
27,272289
28,5346
29,148
30,721
31,10704
6,187124
7,334
8,5099
9,1647
10,15662
11,19367
12,52091
13,97
14,35
15,12856
49,551469
50,33
51,34
52,132
53,795
54,35
55,5218
56,35
57,7751
58,32
59,88
60,41302
61,119782
62,2247
63,1172
33,757159
34,4888
35,28831
36,32859
37,1450
38,11153
39,1924
40,536
41,2615
42,398217
43,32
44,80
45,668
46,1618
47,3360
32,1490
48,1142
64,4078
80,57
65,6317
81,5387
82,114
83,1427
84,77
66,30124
67,4519
68,4048
69,4351
70,593
71,1258
49,86672
85,41016
86,1076
87,1526
50,7364
88,1372
51,200
89,684
52,903
53,1218
54,37
90,2373
55,12293
56,997
57,852
58,37
59,2422
60,7056
61,48
62,1285
63,1509
91,44823
92,1606
93,10017
94,46
72,116048
73,8283
74,792
16,140147
75,1969
76,398
77,195
78,1826
17,3878
79,996
18,144
19,90
20,834
21,313
0,439578
1,58165
2,443
3,49
4,7143
5,676
6,12343
33,454673
34,9693
7,51662
8,12038
9,2846
10,45047
11,5335
22,711748
23,69221
24,9716
25,18587
26,4801
12,419858
13,103
14,1687
15,2261
95,1045935
27,613770
28,43
29,60
30,754
35,979423
31,170453
36,134925
37,175
38,830
39,2044
40,296
41,1459
42,9105
43,44
44,1573
45,1008
46,376
47,7377
32,1532
48,1463
64,1094
65,994
66,555
67,957
80,1269
81,605
82,60
16,20217
68,13719
69,2674
70,975
71,1283
17,12538
18,31
83,32375
84,62
85,2587
49,63294
50,472
51,705
86,1897
87,13026
88,44
72,46385
89,3980
90,6206
91,36
92,976
93,10298
94,11461
95,92
52,131260
53,1708
54,1087
73,126970
74,733
75,2007
76,141
55,51581
56,308670
57,5743
77,307478
78,12405
79,683
58,44612
59,74820
60,21896
61,35
62,2277
63,1358
0,629535
1,22348
2,92
3,669
4,14751
5,2526
6,3655
7,4763
8,607
9,3272
10,130
11,35691
12,3387
33,821121
34,8384
35,71
19,1026910
20,589
21,373
22,13914
13,194075
36,190807
37,146
38,3494
14,259947
15,3436
23,417566
39,896909
40,1576
41,1889
42,18936
43,5697
24,532550
25,1622
44,30643
26,35153
27,103907
28,29
29,35
30,13632
31,286
45,3015523
46,183
47,395
0,363
1,15801
2,31
48,705
3,2896
4,255
5,130
64,2223
65,3253
66,684
6,8313
80,4728
81,1243
82,54
67,3480
7,12016
68,9555
8,596
69,1598
70,5057
71,1523
83,14832
84,29
85,3040
86,2205
72,19949
73,1837
74,719
87,16481
88,331
89,2972
49,77399
50,765
51,1393
52,89
75,17500
76,255
16,77080
32,63834
33,1448
53,27472
54,1345
55,4403
56,9366
57,2648
58,639
59,5330
60,32
61,45
62,2526
63,849
34,89339
35,382
77,110471
78,2903
79,558
9,158294
10,598
11,455
12,12428
13,1075
17,134485
18,48
19,1548
20,958
21,20246
22,10611
23,256
24,3139
25,1673
26,947
14,426331
90,609997
91,36
92,2742
93,46652
27,554462
28,32
29,34
30,1438
31,234
94,60083
95,576
15,331502
36,902761
37,70
38,807
39,1730
40,3516
41,91765
42,1844
43,30
44,64897
45,5644
46,36
47,1024
0,226
1,10671
2,447
3,4705
48,2425
49,2425
50,45
32,9510
4,4164
5,71
51,1589
33,1114
16,16695
52,194
64,2199
17,722
6,1547
80,1463
53,3993
81,2168
82,110
83,8609
84,148
54,17966
85,3695
86,1376
7,24673
8,263
87,2057
9,1418
55,10927
65,37179
66,978
67,2773
68,15632
56,24683
69,1331
34,60029
57,4963
35,576
58,1714
70,11215
71,485
59,10536
60,33
61,4484
72,28680
73,2707
74,1296
75,1014
76,2076
77,37236
78,11422
79,479
10,172888
11,107
88,225007
89,2723
90,45801
91,408
12,175167
13,1203
14,1513
15,1305
36,352781
37,45
38,3778
39,2288
40,145431
41,13058
42,5623
43,45
44,1774
45,2373
46,210
47,20713
18,478450
19,26065
62,711124
63,932
20,263503
21,779
22,5953
23,1136
24,1688
92,530763
93,29
94,10438
25,61333
26,17213
27,8538
28,59
29,71
30,2196
31,166
95,607365
0,818
16,9632
17,1014
48,4938
49,1145
50,60
32,11236
51,642
33,864
80,1551
81,129
64,6591
82,142
65,291
66,1323
34,5045
67,2113
1,33041
35,8068
83,12732
84,2992
2,23616
3,1720
52,32857
53,3961
85,22635
86,3041
87,8899
54,29282
4,30875
5,113
36,52089
37,372
55,3944
38,92
56,1747
57,72
6,6665
7,37
58,1766
8,1058
9,240
18,66263
19,107
20,3836
39,19289
21,3713
10,21892
11,34
68,93893
22,27251
69,1688
70,46
71,3471
72,1462
73,5792
74,516
75,917
76,8936
12,57210
13,1904
14,1137
15,367
88,221886
89,1628
77,208369
78,781
79,210
23,244213
24,2191
25,2382
26,1173
27,7301
28,3689
90,123740
91,435
92,4130
93,27
94,1657
29,20645
30,12490
31,254
40,322284
41,7902
42,1213
43,1340
44,2884
45,1276
95,69064
46,577338
47,1184
59,1143504
60,954
61,66586
62,726662
63,60
16,6900
64,273
65,717
66,4010
67,3839
48,10523
68,5315
69,1290
70,61
71,295
49,8663
72,1492
73,506
74,1549
75,1991
50,7436
51,977
76,4013
52,1063
53,1703
77,12767
78,1123
79,394
54,42295
32,89586
33,1747
55,66127
56,5908
57,195
58,58
80,162900
81,1365
59,59448
60,590
61,1283
62,2006
63,59
34,103299
82,58161
83,7158
84,6066
85,10995
86,3774
87,8871
0,267559
17,282484
88,53658
89,1492
18,17915
19,118
20,8729
21,12956
22,5515
90,50207
91,1490
92,2946
93,30
94,3164
23,99996
24,2875
25,1687
26,1156
27,4382
28,215
95,108512
1,250836
2,4182
29,130519
3,1622
4,1931
5,1434
6,3254
7,50
30,9168
8,5471
9,1369
10,41128
11,168
12,63403
35,484187
13,128110
14,347
15,660
36,110265
37,887
38,227
39,94
40,1711
41,39534
42,2105
31,333405
43,232445
44,1463
45,2438
46,3783
47,198
16,7957
48,1367
32,6379
49,1411
50,1187
64,128
33,3866
51,3011
52,601
53,2199
54,1224
80,5165
55,3145
81,2258
17,19618
34,10249
35,1925
36,17501
37,3197
38,8161
39,506
40,2274
18,28022
19,144
41,792
42,100
43,1140
44,2457
45,507
46,2126
47,567
20,18355
21,44
22,4470
65,80655
66,2051
56,78365
57,638
58,34
67,40042
68,6347
69,657
82,149346
0,207235
1,665
83,20765
2,1653
3,1915
4,1843
5,2472
6,1485
23,127615
70,31884
71,814
7,8925
72,1588
73,615
8,1461
9,1372
10,2412
11,83
74,13014
75,3728
76,10273
77,5477
78,569
79,8113
59,131994
60,588
61,4390
62,2731
63,80
12,170565
13,796
14,536
15,294
24,264447
25,3648
26,820
27,977
28,531
29,60761
30,14998
31,29016
84,347918
85,2900
86,6382
87,6173
88,44310
89,1366
90,54685
91,9490
92,2260
93,10627
94,1218
95,2010
16,10960
64,311
65,60
32,10304
66,1622
48,10093
49,3537
17,14642
33,12063
80,10699
50,8621
51,44
52,430
81,2921
82,58
83,1127
84,592
53,2747
67,21210
85,2779
18,13874
68,5167
86,5207
19,3783
69,632
70,593
20,1512
21,98
71,1285
72,785
87,4200
22,6799
54,18594
55,2724
23,6826
24,1552
73,20052
34,50470
0,114498
1,1260
35,13161
2,4042
36,11235
74,65050
75,1590
3,73191
4,1152
5,13262
6,4878
7,4279
8,2911
25,131995
26,1060
27,14384
28,102
37,84353
38,1930
39,2291
40,3038
41,1632
42,50
43,490
44,2582
45,162
46,1674
47,1707
9,46552
10,2780
11,46
12,794
13,689
76,205367
77,7260
78,711
79,9758
56,631457
57,1697
58,32
59,720
60,1000
61,3862
62,473
63,3372
14,342422
15,186
88,480903
89,4305
90,1914
91,1860
92,1101
93,9845
94,1370
95,1650
29,2184547
30,124426
31,8474
