0,2145
16,1287
1,7248
32,3375
2,5881
3,3181
4,61
17,13312
33,6797
64,1075
18,3663
34,3398
48,8163
5,6354
35,3712
19,5719
65,8847
6,5973
49,7813
66,1215
7,1671
67,1851
8,2455
50,4067
51,3593
20,13872
80,18199
68,11183
81,2349
21,3771
52,7765
82,4428
36,25037
83,3269
69,9616
22,8507
53,10403
37,5651
23,1514
9,23591
84,6039
24,4568
38,6249
70,8657
10,5055
25,3738
85,5958
39,5970
54,13027
86,4846
71,8251
40,4204
41,2502
72,5322
87,5822
11,14631
42,3768
55,10830
73,3017
56,5490
26,20130
57,996
88,10691
12,12468
13,820
58,6158
14,2852
74,14381
89,7437
27,12869
90,3595
75,6178
91,1160
28,4073
15,10347
29,1235
30,2904
92,6098
59,17448
76,12528
31,7232
43,37276
60,5361
44,2830
77,6596
61,4150
62,647
45,3876
78,2713
93,17798
46,7199
63,9004
79,10849
94,15608
95,8011
47,21012
0,4563
16,11
17,31
18,2700
1,4687
19,769
2,1958
20,1020
21,33
48,17
49,33
50,22
22,1113
51,20
52,226
64,1169
65,6
53,3875
54,685
55,9
80,9
66,1580
81,33
67,1478
68,9
69,212
56,5129
57,611
58,23810
3,65297
4,8
5,1759
32,93364
33,200
34,1476
35,6
36,328
37,504
6,59673
59,82258
60,2295
61,23
62,2363
63,435
38,17477
39,14
40,712
41,12
42,11
43,9
44,28
45,8
46,18
47,30082
7,308432
8,1758
9,15
10,419
11,586
12,21
13,2653
14,1012
15,4227
82,530009
83,38
84,1141
85,6020
86,496
87,448
88,36
89,4851
90,1338
91,31
92,1298
93,755
94,26
95,1976
23,869399
24,33
25,1765
26,12
27,1483261
28,37475
29,12427
30,71589
31,1231
70,3366083
71,808
72,36
73,1978
74,3260
75,22040
76,3799
77,88529
78,18
79,24
0,11
1,238
2,11
16,451
3,3107
4,830
5,31
32,205
6,4154
33,2393
34,19
35,120
48,1556
49,15
64,25
7,4282
50,1484
65,34
51,36
66,29
67,38
52,273
68,272
69,207
53,804
54,949
55,53
80,38
56,704
57,268
70,3937
71,172
72,19
58,2197
59,298
60,288
61,38
81,6330
82,902
83,229
73,7192
84,9265
85,288
86,38
87,18
88,1126
89,9
90,32
74,12324
75,254
76,148
77,9
78,577
79,1925
91,9065
92,868
17,65059
18,8023
19,807
20,7821
21,2655
22,2313
23,2853
24,43041
25,524
26,34
27,8
28,14
29,119
30,30
31,37
8,131194
9,11
10,5026
11,2077
12,143
13,656
14,10
15,499
36,270312
37,292
38,361
39,133
40,480
41,173
42,703
43,416
44,256
45,779
46,1789
47,1774
93,211862
94,109
95,1578
62,906033
63,858
16,6
17,224
18,11
19,25
20,9
21,9
22,37
23,32
24,11
25,12
26,12
32,9
33,34
34,11
35,10
36,10
37,10
38,13
39,35
40,28
41,938
42,35
43,7
44,9
45,7
46,11
47,18
48,7
49,11
50,28
51,8
52,12
53,8
54,13
55,32
56,8
57,11
58,7
59,7
60,8
61,27
62,13
63,32
64,35
65,21
66,34
67,7
68,16
69,13
70,14
71,12
72,12
73,11
74,33
75,17
76,34
77,11
78,34
79,24
0,18646
80,7
1,8
81,30
82,16
83,34
84,28
2,3818
3,35
4,821
5,33
6,7
7,10
8,13
9,19
10,14
11,31
12,6
13,36
14,10
15,8
85,15879
86,17544
87,8
88,9
89,12
90,10
91,7424
92,59
93,9
94,35
95,28
27,128314
28,8
29,28
30,15
31,8
0,14
1,9
2,10
3,31
4,8
5,10
6,34
7,9
8,1146
9,7
10,9
11,38
12,59
13,9
14,7
15,31
16,10
17,7
32,7
33,7
34,12
35,13
18,3712
36,8
37,6
19,30
38,29
20,11
39,36
21,38
40,11
22,12
41,8
23,12
42,8
24,9
43,8
25,8
44,12
26,7
27,7
45,14
46,8
47,9
28,35
29,8
30,11
31,7
48,9
49,9
50,26
51,13
52,47
53,34
54,47
55,6
56,18
57,35
58,362
59,33
60,8
61,14
62,8
63,8
64,60
65,12
66,8
67,9
68,6
69,8
70,9
71,502
72,7
80,10
81,12
82,10
83,11
84,6
85,159
73,4073
86,1528
74,35
87,10
88,10
75,32
76,9
89,35
77,8
90,11
91,13
92,31
93,8
78,994
79,34
94,1107
95,26
0,10
1,10
2,298
3,10
4,9
5,701
6,8
7,12
8,32
9,9
10,11
11,10
12,9
13,162
14,13
15,10
16,417
17,8
18,35
19,7
20,9
21,1436
22,10
23,32
24,9
25,9
26,11
27,6
28,7
29,6
32,6
33,8
30,63
34,10
31,8
35,13
36,11
37,7
38,8
39,12
40,11
41,9
42,6
43,8
44,8
45,33
46,9
47,197
48,9
49,10
50,6
51,47
52,9
53,9
54,32
55,8
56,14
57,10
58,12
59,11
60,11
61,9
62,15
63,85
64,8
65,48
66,17
67,10
68,8
69,8
70,12
71,10
72,36
73,8
74,11
75,10
76,11
77,143
78,32
79,15
80,36
81,11
82,14
83,10
84,10
85,7
86,9
87,1653
88,17
89,29
90,37
91,10
92,11
93,33
94,39
95,6
0,7
1,35
2,9
3,9
4,11
5,9
6,12
7,6
8,17
9,7
10,11
11,35
12,12
13,7
16,8
17,35
18,8
19,11
20,31
21,10
22,10
23,8
24,11
25,12
26,11
27,9
28,31
29,32
30,15
31,35
14,4459
15,8
32,6
33,10
34,11
35,785
36,9
37,12
38,8
39,33
40,10
41,9
42,15
43,400
44,10
45,8
46,9
47,11
48,12
49,11
50,9
51,7
52,7
53,9
54,10
55,8
64,12
65,10
66,27
67,37
68,37
69,18
56,3904
57,8
70,246
71,11
58,13
59,8
60,8
61,8
72,35
62,12
73,10
63,8
74,8
75,12
76,8
77,7
78,7
79,7
80,10
81,9
82,12
83,9
84,11
85,10
86,59
87,9
88,11
89,8
90,8
91,7
92,11
93,10
94,9
95,8
0,13
1,10
2,6
3,7
4,8
5,9
6,10
7,7
8,10
9,13
10,10
11,10
12,8
13,8
14,9
15,9
16,10
17,6
18,9
19,9
20,7
21,10
22,13
23,8
24,251
25,10
26,13
27,32
28,9
29,8
30,10
31,10
32,7
33,7
34,9
35,12
36,11
37,105
38,7
39,10
40,13
41,10
42,8
43,8
44,11
45,10
46,10
47,16
48,7
49,11
50,7
51,11
52,11
53,8
54,10
55,10
56,12
57,9
58,6
59,35
60,7
61,11
62,10
63,10
64,7
65,6
66,9
67,12
68,7
69,36
70,12
71,13
72,9
73,304
74,8
75,9
76,9
77,10
78,12
79,31
80,8
81,7
82,9
83,14
84,11
85,8
86,10
87,8
88,33
89,11
90,8
91,9
92,12
93,7
94,9
95,10
0,15
1,8
2,9
3,12
4,9
5,11
6,33
7,11
8,10
9,9
10,7
11,13
12,10
13,9
14,13
15,14
16,11
17,11
18,31
19,10
20,8
21,12
22,10
23,7
24,10
25,8
26,12
27,47
28,12
29,9
30,9
31,10
32,15
33,12
34,9
35,10
36,13
37,8
38,12
39,9
40,8
41,7
42,9
43,9
44,13
45,11
46,11
47,9
48,9
49,7
50,9
51,9
52,11
53,8
54,10
55,8
56,7
57,9
58,10
59,9
60,6
61,8
62,7
63,11
64,8
65,8
66,7
67,10
68,9
69,8
70,7
71,8
72,11
73,14
74,12
75,8
76,10
77,9
78,9
79,8
80,8
81,14
82,8
83,10
84,10
85,11
86,33
87,8
88,9
89,9
90,11
91,7
92,9
93,12
94,8
95,9
0,10
1,11
2,9
3,11
4,11
5,11
6,8
7,8
8,10
9,8
10,9
11,8
12,11
13,9
14,8
15,20
16,10
17,8
18,15
19,10
20,10
21,14
22,11
23,11
24,11
25,15
26,13
27,9
28,12
29,8
30,8
31,10
32,10
33,9
34,12
35,13
36,7
37,9
38,10
39,10
40,9
41,10
42,34
43,8
44,11
45,10
46,11
47,9
48,13
49,9
50,10
51,12
52,35
53,9
54,14
55,9
56,11
57,8
58,12
59,6
60,14
61,13
62,12
63,11
64,11
65,12
66,11
67,9
68,11
69,13
70,9
71,13
72,8
73,50
74,14
75,11
76,11
77,11
78,9
79,11
80,8
81,7
82,9
83,14
84,10
85,11
86,8
87,8
88,10
89,12
90,9
91,8
92,10
93,10
94,8
95,9
0,9
1,8
2,13
3,10
4,9
5,14
6,9
7,8
8,11
9,10
10,9
11,10
12,8
13,10
14,10
15,33
16,8
17,9
18,9
19,9
20,9
21,8
22,11
23,9
24,8
25,9
26,9
27,10
28,7
29,9
30,9
31,8
32,11
33,9
34,10
35,11
36,12
37,11
38,9
39,8
40,8
41,10
42,35
43,10
44,11
45,11
46,11
47,11
48,12
49,14
50,9
51,22
52,9
53,11
54,10
55,10
56,9
57,12
58,11
59,10
60,8
61,10
62,10
63,9
64,8
65,8
66,14
67,6
68,12
69,9
70,11
71,8
72,11
73,6
74,12
75,12
76,8
77,11
78,8
79,13
80,11
81,9
82,10
83,9
84,8
85,10
86,10
87,11
88,10
89,14
90,15
91,11
92,9
93,7
94,32
95,13
0,7
1,10
2,31
3,10
4,10
5,10
6,8
7,9
8,10
9,9
10,13
11,14
12,11
13,11
14,11
15,13
16,10
17,12
18,7
19,13
20,9
21,11
22,10
23,8
24,8
25,9
26,12
27,11
28,9
29,11
30,9
31,12
32,10
33,15
34,10
35,8
36,9
37,9
38,8
39,11
40,9
41,11
42,10
43,13
44,10
45,11
46,9
47,14
48,10
49,11
50,11
51,10
52,10
53,15
54,10
55,8
56,9
57,9
58,8
59,11
60,13
61,10
62,11
63,15
64,9
65,9
66,14
67,11
68,13
69,8
70,11
71,10
72,8
73,11
74,9
75,10
76,9
77,10
78,8
79,10
80,11
81,8
82,12
83,13
84,14
85,13
86,10
87,11
88,10
89,9
90,13
91,9
92,8
93,10
94,10
95,11
0,9
1,9
2,10
3,9
4,8
5,10
6,11
7,10
8,8
9,6
10,11
11,13
12,11
13,6
14,9
15,10
16,9
17,8
18,10
19,6
20,15
21,14
22,10
23,9
24,10
25,10
26,10
27,9
28,12
29,13
30,13
31,6
32,11
33,9
34,10
35,11
36,10
37,9
38,9
39,9
40,9
41,10
42,12
43,9
44,10
45,9
46,10
47,11
48,10
49,8
50,11
51,8
52,12
53,12
54,9
55,11
56,12
57,12
58,7
59,7
60,9
61,9
62,13
63,10
64,12
65,8
66,9
67,11
68,11
69,9
70,7
71,9
72,9
73,9
74,7
75,11
76,9
77,8
78,8
79,7
80,9
81,15
82,10
83,11
84,10
85,9
86,13
87,11
88,13
89,9
90,10
91,9
92,9
93,28
94,13
95,8
0,8
1,11
2,7
3,9
4,8
5,10
6,11
7,10
8,9
9,9
10,10
11,7
12,12
13,9
14,12
15,9
16,9
17,8
18,11
19,9
20,11
21,9
22,10
23,10
24,10
25,12
26,12
27,12
28,9
29,10
30,11
31,10
32,7
33,10
34,10
35,6
36,10
37,10
38,9
39,10
40,9
41,9
42,11
43,10
44,8
45,12
46,12
47,9
48,9
49,7
50,13
51,13
52,11
53,8
54,10
55,9
56,8
57,12
58,8
59,11
60,7
61,9
62,14
63,9
64,13
65,14
66,11
67,9
68,11
69,10
70,9
71,9
72,12
73,8
74,7
75,8
76,8
77,10
78,12
79,12
80,10
81,11
82,11
83,10
84,8
85,14
86,12
87,10
88,7
89,10
90,7
91,13
92,10
93,6
94,8
95,10
0,13
1,11
2,13
3,8
4,10
5,8
6,11
7,11
8,8
9,10
10,13
11,8
12,9
13,13
14,9
15,9
16,11
17,8
18,9
19,7
20,9
21,10
22,10
23,14
24,11
25,11
26,14
27,9
28,7
29,9
30,8
31,8
32,10
33,8
34,10
35,9
36,9
37,9
38,10
39,14
40,8
41,10
42,10
43,7
44,12
45,10
46,9
47,11
48,11
49,8
50,10
51,8
52,8
53,11
54,8
55,10
56,10
57,9
58,12
59,7
60,8
61,9
62,11
63,11
64,13
65,9
66,9
67,8
68,10
69,12
70,9
71,12
72,11
73,12
74,11
75,9
76,10
77,12
78,12
79,12
80,10
81,13
82,12
83,10
84,8
85,12
86,9
87,9
88,11
89,8
90,10
91,10
92,10
93,9
94,10
95,8
0,12
1,7
2,9
3,11
4,8
5,11
6,12
7,10
8,7
9,7
10,8
11,7
12,8
13,10
14,8
15,13
16,12
17,10
18,10
19,11
20,14
21,13
22,9
23,9
24,9
25,14
26,12
27,8
28,8
29,11
30,9
31,10
32,8
33,13
34,11
35,8
36,13
37,10
38,10
39,9
40,10
41,10
42,12
43,11
44,8
45,9
46,10
47,10
48,9
49,7
50,9
51,11
52,9
53,12
54,12
55,8
56,13
57,7
58,7
59,9
60,9
61,7
62,10
63,9
64,9
65,12
66,9
67,14
68,10
69,8
70,8
71,8
72,9
73,8
74,12
75,10
76,9
77,9
78,10
79,8
80,9
81,13
82,9
83,10
84,8
85,8
86,9
87,9
88,8
89,10
90,13
91,9
92,10
93,11
94,8
95,11
0,10
1,13
2,10
3,9
4,14
5,9
6,10
7,12
8,9
9,10
10,12
11,11
12,9
13,12
14,8
15,11
16,9
17,7
18,8
19,11
20,14
21,14
22,10
23,14
24,12
25,10
26,36
27,10
28,10
29,13
30,13
31,13
32,10
33,9
34,11
35,10
36,10
37,14
38,8
39,14
40,12
41,9
42,9
43,10
44,11
45,10
46,9
47,15
48,12
49,9
50,10
51,10
52,13
53,10
54,12
55,10
56,10
57,13
58,9
59,9
60,9
61,14
62,10
63,10
64,12
65,8
66,11
67,13
68,10
69,9
70,15
71,11
72,11
73,9
74,12
75,9
76,11
77,8
78,15
79,8
80,10
81,10
82,9
83,9
84,9
85,8
86,9
87,8
88,12
89,11
90,10
91,12
92,8
93,9
94,9
95,11
0,10
1,7
2,12
3,10
4,12
5,10
6,8
7,10
8,10
9,9
10,9
11,11
12,7
13,10
14,9
15,13
16,9
17,14
18,9
19,9
20,10
21,9
22,11
23,11
24,9
25,9
26,12
27,13
28,8
29,14
30,11
31,9
32,9
33,6
34,11
35,11
36,9
37,9
38,8
39,10
40,12
41,9
42,15
43,10
44,15
45,10
46,9
47,9
48,11
49,10
50,14
51,10
52,7
53,8
54,9
55,9
56,9
57,14
58,14
59,9
60,12
61,12
62,8
63,8
64,8
65,11
66,10
67,11
68,8
69,9
70,9
71,7
72,10
73,13
74,10
75,9
76,9
77,9
78,9
79,13
80,11
81,9
82,8
83,8
84,13
85,10
86,7
87,13
88,9
89,7
90,13
91,10
92,11
93,11
94,8
95,12
0,14
1,10
2,12
3,11
4,8
5,9
6,12
7,15
8,14
9,12
10,12
11,10
12,13
13,12
14,10
15,9
16,11
17,13
18,11
19,12
20,11
21,12
22,11
23,8
24,12
25,8
26,7
27,12
28,8
29,9
30,10
31,12
32,11
33,9
34,10
35,11
36,10
37,12
38,10
39,9
40,10
41,11
42,14
43,13
44,9
45,8
46,10
47,11
48,9
49,7
50,10
51,12
52,8
53,9
54,13
55,10
56,11
57,11
58,9
59,11
60,11
61,8
62,9
63,10
64,11
65,7
66,15
67,8
68,11
69,11
70,10
71,10
72,9
73,9
74,9
75,12
76,11
77,9
78,9
79,8
80,11
81,10
82,13
83,10
84,10
85,12
86,9
87,15
88,15
89,9
90,14
91,9
92,10
93,10
94,9
95,11
0,8
1,12
2,7
3,8
4,8
5,12
6,11
7,11
8,8
9,9
10,13
11,10
12,10
13,10
14,9
15,13
16,11
17,8
18,10
19,7
20,6
21,8
22,12
23,8
24,12
25,9
26,9
27,8
28,11
29,9
30,10
31,12
32,10
33,12
34,10
35,11
36,10
37,13
38,9
39,10
40,12
41,12
42,11
43,12
44,15
45,8
46,11
47,9
48,12
49,11
50,8
51,9
52,16
53,9
54,9
55,9
56,11
57,10
58,9
59,8
60,10
61,12
62,8
63,15
64,10
65,12
66,9
67,10
68,8
69,11
70,10
71,12
72,11
73,10
74,11
75,10
76,9
77,9
78,7
79,15
80,14
81,10
82,11
83,9
84,10
85,10
86,12
87,8
88,13
89,9
90,9
91,10
92,10
93,13
94,8
95,11
0,15
1,9
2,9
3,12
4,12
5,11
6,15
7,6
8,14
9,14
10,8
11,11
12,9
13,10
14,12
15,10
16,10
17,14
18,32
19,9
20,9
21,27
22,11
23,11
24,16
25,9
26,9
27,11
28,36
29,13
30,10
31,13
32,12
33,11
34,10
35,11
36,9
37,10
38,8
39,13
40,10
41,9
42,8
43,9
44,8
45,9
46,10
47,10
48,9
49,7
50,10
51,10
52,11
53,9
54,12
55,11
56,14
57,9
58,36
59,14
60,13
61,8
62,10
63,8
64,14
65,8
66,10
67,11
68,12
69,9
70,11
71,11
72,12
73,9
74,7
75,7
76,10
77,9
78,9
79,9
80,14
81,13
82,11
83,11
84,13
85,10
86,10
87,11
88,7
89,13
90,10
91,16
92,13
93,9
94,12
95,9
0,12
1,11
2,13
3,11
4,10
5,10
6,11
7,8
8,12
9,11
10,11
11,12
12,8
13,13
14,9
15,11
16,11
17,11
18,13
19,14
20,11
21,9
22,11
23,12
24,13
25,10
26,11
27,10
28,9
29,8
30,8
31,11
32,12
33,14
34,9
35,9
36,14
37,10
38,10
39,9
40,9
41,35
42,28
43,7
44,10
45,26
46,9
47,12
48,11
49,12
50,11
51,8
52,10
53,9
54,9
55,11
56,10
57,8
58,14
59,11
60,12
61,13
62,11
63,12
64,10
65,9
66,13
67,12
68,11
69,11
70,10
71,12
72,10
73,8
74,13
75,10
76,13
77,10
78,9
79,8
80,12
81,14
82,10
83,10
84,9
85,9
86,10
87,8
88,13
89,10
90,12
91,11
92,14
93,9
94,9
95,10
0,9
1,16
2,10
3,12
4,8
5,10
6,10
7,37
8,13
9,11
10,10
11,10
12,16
13,11
14,13
15,7
16,12
17,26
18,12
19,13
20,12
21,12
22,12
23,8
24,10
25,10
26,12
27,9
28,11
29,12
30,9
31,11
32,15
33,10
34,15
35,19
36,12
37,8
38,10
39,9
40,12
41,10
42,11
43,14
44,10
45,11
46,9
47,14
48,11
49,8
50,11
51,10
52,12
53,17
54,10
55,12
56,15
57,11
58,14
59,11
60,10
61,13
62,11
63,11
64,11
65,15
66,12
67,15
68,22
69,36
70,8
71,14
72,12
73,14
74,12
75,12
76,11
77,8
78,17
79,9
80,10
81,13
82,13
83,13
84,9
85,14
86,15
87,9
88,11
89,33
90,10
91,9
92,11
93,10
94,12
95,11
0,12
1,13
2,11
3,12
4,10
5,14
6,14
7,12
8,13
9,16
10,13
11,10
12,9
13,10
14,8
15,10
16,11
17,13
18,18
19,11
20,11
21,9
22,9
23,13
24,12
25,9
26,10
27,12
28,11
29,11
30,11
31,12
32,12
33,18
34,10
35,11
36,11
37,13
38,12
39,12
40,13
41,12
42,13
43,13
44,9
45,14
46,14
47,12
48,12
49,13
50,13
51,14
52,14
53,10
54,14
55,11
56,11
57,10
58,12
59,13
60,21
61,12
62,16
63,14
64,13
65,12
66,9
67,8
68,8
69,10
70,8
71,14
72,12
73,9
74,17
75,10
76,14
77,11
78,9
79,6
80,10
81,12
82,9
83,12
84,16
85,9
86,12
87,12
88,12
89,35
90,9
91,36
92,11
93,14
94,9
95,11
0,8
1,14
2,37
3,10
4,10
5,8
6,17
7,13
8,23
9,13
10,14
11,10
12,11
13,9
14,12
15,29
16,9
17,9
18,11
19,13
20,11
21,8
22,9
23,9
24,13
25,11
26,12
27,13
28,12
29,7
30,7
31,27
32,8
33,9
34,15
35,6
36,6
37,13
38,14
39,11
40,12
41,8
42,9
43,11
44,10
45,11
46,11
47,9
48,12
49,12
50,10
51,7
52,10
53,11
54,15
55,12
56,11
57,10
58,10
59,12
60,9
61,13
62,16
63,10
64,10
65,13
66,11
67,11
68,11
69,21
70,17
71,12
72,14
73,14
74,8
75,12
76,13
77,11
78,10
79,16
80,11
81,13
82,10
83,11
84,6
85,11
86,13
87,11
88,9
89,9
90,15
91,10
92,9
93,13
94,11
95,11
0,11
1,11
2,11
3,12
4,14
5,17
6,12
7,11
8,11
9,12
10,11
11,9
12,10
13,13
14,12
15,11
16,9
17,12
18,8
19,11
20,9
21,10
22,11
23,11
24,12
25,10
26,7
27,9
28,11
29,37
30,12
31,13
32,10
33,12
34,15
35,9
36,14
37,8
38,11
39,26
40,9
41,14
42,13
43,8
44,12
45,10
46,7
47,7
48,13
49,9
50,13
51,13
52,17
53,14
54,11
55,11
56,13
57,10
58,12
59,11
60,12
61,11
62,10
63,10
64,9
65,15
66,11
67,11
68,11
69,11
70,9
71,11
72,23
73,13
74,14
75,11
76,12
77,11
78,10
79,9
80,9
81,13
82,14
83,13
84,12
85,11
86,10
87,11
88,12
89,12
90,14
91,13
92,9
93,11
94,11
95,19
0,17
1,13
2,7
3,10
4,11
5,14
6,9
7,11
8,23
9,11
10,16
11,16
12,33
13,9
14,13
15,10
16,13
17,11
18,11
19,9
20,9
21,9
22,13
23,9
24,8
25,10
26,12
27,12
28,13
29,15
30,13
31,11
32,13
33,7
34,12
35,11
36,9
37,13
38,13
39,14
40,13
41,12
42,19
43,9
44,11
45,13
46,10
47,11
48,16
49,17
50,15
51,14
52,14
53,9
54,12
55,11
56,12
57,14
58,11
59,15
60,15
61,13
62,10
63,11
64,9
65,12
66,15
67,24
68,13
69,25
70,10
71,9
72,14
73,12
74,12
75,14
76,35
77,32
78,13
79,13
80,28
81,10
82,12
83,12
84,13
85,11
86,12
87,13
88,14
89,15
90,12
91,72
92,8
93,27
94,14
95,12
0,9
1,15
2,11
3,12
4,11
5,9
6,11
7,17
8,32
9,12
10,14
11,9
12,26
13,13
14,9
15,9
16,10
17,15
18,13
19,14
20,9
21,10
22,14
23,14
24,24
25,20
26,12
27,10
28,10
29,14
30,13
31,12
32,23
33,10
34,11
35,9
36,11
37,12
38,13
39,12
40,12
41,13
42,11
43,10
44,9
45,15
46,15
47,11
48,12
49,14
50,11
51,11
52,12
53,11
54,11
55,11
56,13
57,14
58,13
59,11
60,15
61,11
62,16
63,9
64,12
65,11
66,12
67,11
68,12
69,11
70,21
71,9
72,12
73,11
74,9
75,11
76,11
77,24
78,13
79,8
80,11
81,12
82,12
83,10
84,11
85,11
86,14
87,13
88,11
89,13
90,34
91,14
92,14
93,10
94,10
95,11
0,14
1,14
2,19
3,12
4,11
5,7
6,14
7,17
8,14
9,18
10,8
11,11
12,9
13,14
14,11
15,10
16,10
17,14
18,9
19,10
20,14
21,12
22,8
23,21
24,11
25,10
26,13
27,13
28,13
29,32
30,12
31,12
32,13
33,13
34,9
35,12
36,11
37,14
38,13
39,13
40,13
41,13
42,12
43,35
44,11
45,22
46,34
47,12
48,13
49,28
50,18
51,7
52,10
53,11
54,25
55,14
56,8
57,11
58,9
59,14
60,16
61,13
62,22
63,11
64,10
65,12
66,10
67,12
68,11
69,12
70,10
71,12
72,9
73,22
74,8
75,10
76,26
77,10
78,16
79,10
80,17
81,11
82,13
83,11
84,11
85,9
86,11
87,11
88,8
89,11
90,13
91,13
92,15
93,17
94,10
95,10
0,12
1,14
2,10
3,14
4,21
5,13
6,9
7,34
8,21
9,10
10,34
11,20
12,13
13,13
14,14
15,9
16,13
17,13
18,13
19,13
20,11
21,10
22,13
23,10
24,13
25,10
26,8
27,11
28,11
29,12
30,11
31,13
32,11
33,10
34,14
35,9
36,11
37,10
38,11
39,13
40,12
41,15
42,13
43,23
44,32
45,12
46,13
47,8
48,9
49,22
50,34
51,14
52,20
53,12
54,19
55,12
56,11
57,9
58,11
59,32
60,12
61,11
62,11
63,16
64,12
65,10
66,9
67,11
68,8
69,14
70,11
71,8
72,9
73,13
74,12
75,11
76,14
77,9
78,12
79,12
80,11
81,12
82,12
83,9
84,11
85,13
86,10
87,11
88,11
89,13
90,14
91,15
92,12
93,21
94,11
95,12
0,29
1,12
2,10
3,14
4,14
5,11
6,21
7,28
8,36
9,16
10,15
11,18
12,7
13,34
14,35
15,20
16,30
17,24
18,12
19,24
20,16
21,24
22,35
23,13
24,14
25,10
26,16
27,13
28,13
29,13
30,15
31,16
32,22
33,18
34,11
35,24
36,12
37,14
38,12
39,31
40,19
41,16
42,19
43,9
44,14
45,12
46,26
47,20
48,14
49,21
50,16
51,12
52,18
53,36
54,11
55,12
56,10
57,11
58,14
59,29
60,13
61,34
62,12
63,26
64,11
65,12
66,35
67,10
68,36
69,12
70,11
71,9
72,12
73,18
74,10
75,14
76,16
77,10
78,37
79,34
80,9
81,33
82,11
83,23
84,36
85,13
86,16
87,13
88,12
89,32
90,9
91,10
92,14
93,10
94,25
95,14
0,35
1,19
2,14
3,31
4,30
5,33
6,38
7,11
8,34
9,34
10,34
11,29
12,21
13,17
14,38
15,12
16,37
17,13
18,21
19,37
20,27
21,25
22,32
23,33
24,14
25,18
26,8
27,19
28,19
29,15
30,35
31,31
32,38
33,17
34,13
35,14
36,37
37,25
38,22
39,18
40,20
41,35
42,17
43,12
44,28
45,12
46,14
47,8
48,11
49,23
50,12
51,21
52,17
53,23
54,27
55,10
56,29
57,11
58,25
59,32
60,19
61,10
62,20
63,30
64,36
65,23
66,8
67,26
68,35
69,14
70,22
71,37
72,20
73,10
74,20
75,36
76,58
77,16
78,36
79,22
80,36
81,16
82,17
83,31
84,38
85,26
86,11
87,9
88,17
89,12
90,23
91,31
92,12
93,23
94,12
95,34
0,27
1,35
2,35
3,28
4,61
5,33
6,36
7,34
8,49
9,36
10,25
11,12
12,22
13,31
14,34
15,36
16,36
17,34
18,33
19,35
20,34
21,34
22,36
23,30
24,13
25,34
26,34
27,35
28,34
29,46
30,34
31,35
32,31
33,25
34,36
35,49
36,10
37,34
38,34
39,35
40,19
41,34
42,33
43,34
44,47
45,37
46,36
47,36
48,33
49,32
50,32
51,58
52,17
53,16
54,35
55,49
56,48
57,23
58,26
59,37
60,35
61,38
62,37
63,23
64,35
65,61
66,10
67,35
68,23
69,33
70,13
71,35
72,83
73,26
74,47
75,20
76,58
77,25
78,23
79,51
80,22
81,34
82,38
83,34
84,36
85,33
86,30
87,27
88,35
89,36
90,36
91,31
92,34
93,37
94,20
95,32
0,103
1,34
2,36
3,71
4,104
5,45
6,34
7,34
8,35
9,131
10,33
11,37
12,46
13,57
14,36
16,32
15,33
17,37
18,34
19,35
20,34
21,24
22,44
23,59
24,33
25,35
26,71
27,56
28,36
29,73
30,107
31,34
32,99
33,71
34,34
35,36
36,35
37,74
38,36
39,34
40,34
41,30
42,35
43,59
44,36
45,35
46,34
48,60
47,35
49,48
50,37
51,32
52,38
53,36
54,18
55,49
56,34
57,49
58,34
59,33
60,36
61,36
62,33
63,36
64,23
65,49
66,36
67,36
68,36
69,17
70,37
71,35
72,34
73,37
74,34
75,37
76,47
77,35
78,36
79,34
80,36
81,36
82,35
83,15
84,32
85,33
86,31
87,48
88,31
89,35
90,36
91,36
92,32
93,61
94,37
95,88
0,47
1,63
2,36
3,46
4,22
5,35
6,48
7,43
8,34
9,36
10,35
11,35
12,50
13,59
14,36
15,49
16,32
17,67
18,37
19,62
20,46
21,74
22,46
23,72
24,122
25,35
26,62
27,48
28,48
29,62
30,62
32,166
31,75
33,50
34,37
35,57
36,48
37,62
38,34
39,45
40,106
41,61
42,61
43,35
44,35
45,47
48,49
46,94
49,57
47,49
50,46
51,34
52,47
53,34
54,48
55,47
56,45
57,51
58,72
59,50
60,14
61,47
62,73
64,58
63,139
65,35
66,36
67,49
68,48
69,34
70,35
71,48
72,34
73,47
74,34
75,36
76,58
77,38
78,61
80,36
79,36
81,35
82,73
83,61
84,61
85,133
86,60
87,35
88,36
89,143
90,74
91,72
92,71
93,200
94,37
95,61
0,35
1,47
2,27
3,59
4,48
5,61
6,50
7,37
8,33
9,61
10,60
11,35
12,50
13,50
14,37
16,34
15,47
17,74
18,34
19,35
20,48
21,34
22,60
23,95
24,75
25,58
26,95
27,72
28,34
29,35
30,35
32,57
31,47
33,47
34,84
35,72
36,34
37,82
38,71
39,98
40,73
41,33
42,32
43,34
44,35
45,70
46,35
47,85
48,180
49,85
50,75
51,37
52,73
53,48
54,36
55,37
56,35
57,35
58,61
59,35
60,37
61,85
64,49
62,48
63,34
65,56
66,83
67,60
68,57
69,50
70,48
71,36
72,48
73,46
74,34
75,59
76,59
77,34
80,49
78,72
81,46
79,50
82,61
83,49
84,35
85,49
86,35
87,47
88,73
89,46
90,21
91,63
92,37
93,48
94,74
95,47
0,44
1,34
2,37
3,59
4,45
5,36
6,72
7,58
8,72
9,57
10,73
11,175
12,73
13,153
16,107
14,47
15,34
17,116
18,46
19,73
20,46
21,35
22,69
23,71
24,47
25,32
26,109
27,47
28,83
29,46
30,61
32,167
31,61
33,73
34,33
35,49
36,216
37,59
38,119
39,83
40,48
41,46
42,72
43,85
44,44
48,140
45,132
49,70
46,30
50,127
47,35
51,132
52,49
53,71
54,46
55,35
56,71
57,35
58,104
59,88
60,85
64,48
61,107
65,34
62,46
66,31
63,34
67,128
68,192
69,95
70,49
71,108
72,34
73,156
74,33
75,46
76,72
80,37
77,235
81,68
82,37
78,62
83,60
79,95
84,48
85,72
86,34
87,71
88,124
89,34
90,284
91,36
92,58
93,166
94,86
95,48
0,62
1,73
2,46
3,97
4,35
5,45
6,61
7,31
8,105
9,33
10,49
11,84
12,69
13,36
16,57
14,96
15,59
17,186
18,43
19,86
20,45
21,72
22,33
23,177
24,32
25,84
26,59
27,59
28,58
29,74
32,34
33,58
30,130
31,34
34,98
35,35
36,105
37,36
38,47
39,72
40,36
41,99
42,71
43,108
44,71
45,157
48,46
46,60
49,87
47,33
50,73
51,171
52,77
53,35
54,95
55,35
56,46
57,70
58,33
59,47
60,34
61,96
64,111
62,48
65,45
63,50
66,186
67,69
68,50
69,84
70,61
71,60
72,47
73,73
74,66
75,47
76,98
77,47
80,59
81,46
78,47
82,88
79,59
83,55
84,36
85,71
86,27
87,37
88,35
89,50
90,46
91,74
92,69
93,84
94,50
95,83
0,55
1,58
2,294
3,44
4,130
5,48
6,58
7,47
8,172
9,59
10,32
11,83
12,98
16,36
13,49
17,46
14,36
18,49
15,32
19,49
20,62
21,60
22,74
23,46
24,105
25,62
26,117
27,31
28,48
29,60
32,36
30,36
33,62
31,73
34,33
35,32
36,49
37,47
38,84
39,37
40,44
41,46
42,62
43,35
44,36
45,44
46,49
48,72
47,46
49,60
50,75
51,71
52,36
53,38
54,36
55,32
56,63
57,56
58,72
59,97
60,36
61,97
64,63
62,35
65,60
63,60
66,50
67,103
68,71
69,84
70,62
71,73
72,95
73,69
74,72
75,46
76,72
77,60
80,122
78,37
81,47
79,72
82,35
83,59
84,213
85,36
86,47
87,73
88,39
89,45
90,35
91,63
92,85
93,197
94,48
95,45
0,61
1,47
2,111
3,74
4,97
5,67
6,74
7,46
8,35
9,34
10,48
11,152
12,35
16,35
13,148
14,35
17,61
15,46
18,62
19,75
20,36
21,35
22,72
23,168
24,127
25,49
26,148
27,47
28,32
29,46
32,38
30,47
33,47
31,47
34,58
35,48
36,174
37,49
38,79
39,61
40,43
41,110
42,71
43,48
44,69
45,45
48,35
46,36
49,110
47,73
50,61
51,83
52,37
53,48
54,61
55,36
56,158
57,34
58,48
59,107
60,35
61,34
64,43
62,59
65,72
63,61
66,96
67,34
68,47
69,60
70,34
71,58
72,49
73,60
74,96
75,60
76,47
77,51
80,35
78,48
81,46
79,59
82,45
83,60
84,45
85,35
86,45
87,34
88,45
89,36
90,59
91,73
92,49
93,32
94,37
95,45
0,35
1,34
2,30
3,96
4,38
5,47
6,34
7,36
8,36
9,31
10,35
11,35
12,31
13,48
14,61
15,36
16,36
17,33
18,34
19,34
20,34
21,49
22,72
23,36
24,48
25,35
26,72
27,48
28,57
29,37
30,34
31,75
32,34
33,35
34,34
35,33
36,45
37,50
38,59
39,32
40,35
41,34
42,47
43,35
44,35
45,47
46,36
47,47
48,36
49,48
50,32
51,34
52,47
53,51
54,35
55,35
56,46
57,118
58,35
59,118
60,48
61,46
62,34
64,34
63,32
65,35
66,33
67,39
68,34
69,48
70,71
71,55
72,48
73,40
74,33
75,35
76,34
77,46
78,51
79,35
80,33
81,73
82,37
83,47
84,34
85,47
86,50
87,37
88,45
89,47
90,35
91,46
92,58
93,60
94,35
95,46
0,109
1,35
2,34
3,35
4,62
5,31
6,34
7,36
8,35
9,37
10,36
11,36
12,35
13,36
14,47
15,46
16,34
17,85
18,47
19,36
20,99
21,36
22,49
23,35
24,39
25,47
26,35
27,45
28,50
29,34
30,71
32,35
31,37
33,62
34,58
35,35
36,35
37,59
38,36
39,107
40,35
41,48
42,60
43,33
44,44
45,36
46,48
47,34
48,74
49,34
50,47
51,34
52,35
53,36
54,32
55,35
56,59
57,34
58,58
59,37
60,37
61,33
62,34
63,36
64,32
65,35
66,34
67,35
68,34
69,34
70,48
71,33
72,48
73,34
74,61
75,74
76,36
77,47
78,45
79,36
80,36
81,74
82,35
83,49
84,35
85,46
86,33
87,34
88,62
89,33
90,32
91,31
92,44
93,72
94,35
95,37
0,36
1,35
2,33
3,34
4,33
5,35
6,35
7,38
8,35
9,34
10,34
11,37
12,36
13,36
14,32
15,62
16,36
17,38
18,36
19,35
20,37
21,37
22,36
23,35
24,49
25,35
26,35
27,49
28,35
29,35
30,50
31,36
32,35
33,32
34,35
35,34
36,35
37,37
38,34
39,36
40,36
41,34
42,33
43,34
44,35
45,47
46,34
47,33
48,33
49,98
50,35
51,34
52,35
53,47
54,34
55,36
56,35
57,28
58,49
59,36
60,36
61,46
62,33
63,35
64,49
65,36
66,37
67,36
68,34
69,32
70,36
71,49
72,33
73,36
74,46
75,34
76,34
77,48
78,33
79,27
80,34
81,36
82,34
83,36
84,29
85,37
86,36
87,37
88,36
89,34
90,37
91,37
92,23
93,35
94,34
95,62
0,37
1,34
2,34
3,32
4,46
5,35
6,37
7,38
8,47
9,47
10,39
11,34
12,35
13,50
14,35
15,38
16,49
17,34
18,35
19,37
20,36
21,36
22,32
23,35
24,36
25,35
26,35
27,47
28,31
29,36
30,36
31,50
32,37
33,35
34,50
35,34
36,33
37,34
38,35
39,35
40,62
41,36
42,33
43,35
44,35
45,36
46,36
47,35
48,27
49,34
50,37
51,36
52,50
53,36
54,49
55,60
56,33
57,33
58,37
59,36
60,37
61,23
62,45
63,37
64,34
65,39
66,37
67,34
68,33
69,35
70,36
71,34
72,34
73,47
74,33
75,34
76,34
77,39
78,48
79,33
80,37
81,33
82,49
83,35
84,36
85,34
86,37
87,37
88,35
89,36
90,36
91,35
92,33
93,44
94,35
95,28
0,36
1,31
2,35
3,33
4,36
5,35
6,37
7,38
8,37
9,37
10,33
11,38
12,34
13,36
14,35
15,34
16,38
17,33
18,36
19,33
20,21
21,37
22,37
23,34
24,37
25,31
26,33
27,35
28,30
29,36
30,28
31,37
32,36
33,31
34,34
35,37
36,36
37,35
38,36
39,34
40,36
41,33
42,35
43,34
44,34
45,34
46,34
47,47
48,37
49,32
50,37
51,34
52,23
53,36
54,37
55,34
56,36
57,38
58,35
59,36
60,38
61,37
62,36
63,34
64,29
65,35
66,35
67,33
68,35
69,35
70,32
71,47
72,46
73,34
74,31
75,37
76,34
77,36
78,36
79,36
80,35
81,35
82,34
83,27
84,46
85,36
86,34
87,34
88,34
89,32
90,35
91,37
92,37
93,30
94,36
95,47
0,37
1,35
2,36
3,34
4,37
5,48
6,34
7,35
8,34
9,34
10,36
11,36
12,35
13,36
14,34
15,36
16,34
17,33
18,33
19,32
20,48
21,35
22,36
23,36
24,36
25,35
26,36
27,35
28,35
29,35
30,48
31,34
32,36
33,34
34,38
35,34
36,32
37,34
38,32
39,36
40,34
41,35
42,46
43,37
44,36
45,29
46,37
47,35
48,47
49,34
50,34
51,34
52,34
53,48
54,48
55,34
56,34
57,34
58,37
59,37
60,34
61,32
62,36
63,36
64,35
65,34
66,35
67,36
68,47
69,37
70,34
71,37
72,36
73,35
74,35
75,35
76,38
77,34
78,33
79,33
80,23
81,47
82,34
83,35
84,35
85,34
86,33
87,36
88,36
89,34
90,31
91,34
92,31
93,37
94,35
95,35
0,34
1,35
2,26
3,35
4,37
5,36
6,34
7,35
8,33
9,36
10,51
11,31
12,33
13,37
14,34
15,60
16,46
17,35
18,34
19,35
20,36
21,35
22,35
23,36
24,33
25,36
26,36
27,34
28,35
29,36
30,35
31,35
32,37
33,34
34,48
35,33
36,34
37,36
38,35
39,48
40,37
41,35
42,35
43,36
44,46
45,24
46,36
47,34
48,34
49,36
50,35
51,33
52,35
53,37
54,34
55,33
56,32
57,35
58,34
59,36
60,36
61,36
62,38
63,38
64,33
65,34
66,37
67,33
68,47
69,48
70,48
71,36
72,30
73,34
74,34
75,49
76,35
77,34
78,49
79,36
80,34
81,35
82,36
83,37
84,35
85,59
86,37
87,35
88,33
89,35
90,50
91,38
92,34
93,34
94,46
95,36
0,33
1,49
2,36
3,46
4,37
5,33
6,49
7,38
8,33
9,36
10,37
11,45
12,36
13,38
14,57
15,50
16,34
17,36
18,35
19,33
20,35
21,34
22,45
23,35
24,38
25,34
26,37
27,36
28,37
29,35
30,33
31,35
32,46
33,35
34,48
35,34
36,35
37,34
38,34
39,36
40,35
41,35
42,35
43,35
44,37
45,37
46,36
47,50
48,36
49,35
50,35
51,48
52,49
53,27
54,47
55,35
56,33
57,34
58,34
59,35
60,37
61,34
62,37
63,48
64,38
65,33
66,37
67,35
68,35
69,60
70,35
71,35
72,37
73,36
74,35
75,45
76,34
77,49
78,35
79,35
80,49
81,36
82,46
83,35
84,36
85,34
86,35
87,42
88,36
89,34
90,47
91,35
92,27
93,38
94,34
95,37
0,33
1,33
2,34
3,34
4,35
5,37
6,36
7,36
8,34
9,48
10,48
11,33
12,51
13,35
14,33
15,35
16,34
17,36
18,35
19,36
20,33
21,49
22,36
23,38
24,34
25,37
26,36
27,47
28,34
29,35
30,38
31,36
32,34
33,33
34,37
35,36
36,37
37,35
38,38
39,37
40,38
41,35
42,35
43,35
44,35
45,50
46,36
47,32
48,47
49,33
50,46
51,34
52,31
53,32
54,34
55,36
56,34
57,37
58,45
59,36
60,63
61,36
62,34
63,36
64,36
65,37
66,37
67,32
68,47
69,32
70,36
71,32
72,36
73,38
74,49
75,37
76,36
77,37
78,38
79,34
80,34
81,35
82,47
83,34
84,37
85,38
86,21
87,32
88,34
89,35
90,34
91,37
92,39
93,35
94,34
95,35
0,35
1,37
2,32
3,36
4,34
5,35
6,60
7,37
8,34
9,35
10,35
11,34
12,49
13,37
14,36
15,48
16,37
17,35
18,32
19,35
20,38
21,36
22,36
23,36
24,26
25,35
26,36
27,30
28,34
29,35
30,37
31,35
32,34
33,34
34,35
35,35
36,33
37,34
38,48
39,33
40,32
41,36
42,34
43,38
44,35
45,36
46,34
47,37
48,34
49,34
50,36
51,36
52,35
53,34
54,36
55,37
56,35
57,37
58,33
59,38
60,35
61,31
62,32
63,34
64,34
65,47
66,33
67,34
68,36
69,50
70,46
71,37
72,37
73,46
74,49
75,38
76,37
77,36
78,36
79,36
80,34
81,33
82,45
83,31
84,49
85,37
86,37
87,36
88,36
89,35
90,37
91,34
92,38
93,39
94,47
95,35
0,38
1,35
2,35
3,36
4,35
5,36
6,36
7,45
8,36
9,32
10,35
11,35
12,36
13,34
14,47
15,37
16,34
17,34
18,36
19,34
20,47
21,36
22,35
23,47
24,37
25,33
26,34
27,36
28,50
29,35
30,35
31,35
32,35
33,36
34,32
35,35
36,34
37,46
38,32
39,34
40,38
41,33
42,37
43,37
44,37
45,33
46,33
47,47
48,37
49,33
50,47
51,34
52,35
53,34
54,38
55,34
56,33
57,36
58,36
59,35
60,38
61,35
62,37
63,35
64,35
65,33
66,36
67,36
68,32
69,35
70,36
71,36
72,33
73,36
74,35
75,49
76,35
77,35
78,32
79,46
80,36
81,35
82,34
83,35
84,49
85,35
86,35
87,37
88,36
89,34
90,33
91,35
92,35
93,37
94,36
95,35
0,36
1,36
2,31
3,51
4,35
5,37
6,36
7,34
8,32
9,36
10,35
11,35
12,33
13,37
14,36
15,33
16,39
17,34
18,36
19,30
20,31
21,36
22,70
23,33
24,33
25,36
26,36
27,37
28,50
29,35
30,35
31,33
32,34
33,37
34,35
35,36
36,37
37,35
38,48
39,35
40,35
41,35
42,36
43,36
44,35
45,38
46,25
47,37
48,35
49,48
50,34
51,38
52,38
53,34
54,36
55,62
56,35
57,33
58,35
59,35
60,50
61,35
62,35
63,36
64,38
65,35
66,33
67,36
68,38
69,61
70,33
71,38
72,35
73,36
74,36
75,35
76,34
77,47
78,46
79,76
80,60
81,48
82,36
83,34
84,50
85,46
86,37
87,36
88,37
89,34
90,35
91,47
92,34
93,33
94,36
95,36
0,47
1,37
2,35
3,35
4,37
5,36
6,36
7,37
8,46
9,50
10,32
11,34
12,36
13,34
14,37
15,35
16,35
17,35
18,38
19,45
20,34
21,37
22,48
23,35
24,47
25,47
26,36
27,35
28,34
29,35
30,46
31,37
32,36
33,36
34,34
35,36
36,36
37,37
38,36
39,35
40,34
41,37
42,35
43,33
44,33
45,35
46,59
47,33
48,35
49,35
50,32
51,35
52,62
53,34
54,37
55,33
56,35
57,47
58,36
59,37
60,35
61,38
62,34
63,36
64,34
65,37
66,36
67,35
68,32
69,36
70,36
71,32
72,45
73,35
74,35
75,33
76,37
77,35
78,37
79,36
80,34
81,46
82,35
83,35
84,35
85,37
86,38
87,33
88,49
89,34
90,48
91,32
92,34
93,60
94,35
95,38
0,35
1,36
2,35
3,47
4,36
5,47
6,37
7,37
8,37
9,49
10,48
11,50
12,36
13,49
14,37
16,35
15,35
17,49
18,36
19,33
20,36
21,37
22,36
23,34
24,35
25,34
26,50
27,36
28,36
29,34
30,31
31,47
32,33
33,37
34,48
35,35
36,49
37,47
38,33
39,36
40,33
41,50
42,35
43,48
44,34
45,35
46,33
47,33
48,35
49,72
50,34
51,34
52,48
53,35
54,48
55,35
56,36
57,50
58,35
59,48
60,48
61,35
62,34
63,34
64,48
65,33
66,36
67,35
68,48
69,33
70,34
71,35
72,61
73,46
74,36
75,34
76,47
77,49
78,36
79,35
80,37
81,36
82,35
83,33
84,47
85,46
86,49
87,46
88,35
89,35
90,37
91,44
92,50
93,36
94,36
95,36
0,51
1,37
2,45
3,37
4,35
5,36
6,48
7,48
8,59
9,36
10,48
11,37
12,71
13,34
14,51
16,46
15,34
17,31
18,35
19,34
20,36
21,47
22,35
23,87
24,36
25,34
26,61
27,60
28,35
29,38
30,33
32,35
31,61
33,35
34,35
35,32
36,38
37,47
38,36
39,34
40,49
41,33
42,34
43,48
44,35
45,47
46,48
47,48
48,33
49,48
50,48
51,35
52,45
53,30
54,48
55,44
56,35
57,35
58,36
59,60
60,34
61,36
62,35
63,61
64,47
65,46
66,34
67,60
68,38
69,45
70,47
71,34
72,50
73,33
74,38
75,62
76,32
77,35
78,50
79,35
80,37
81,34
82,36
83,32
84,45
85,37
86,49
87,48
88,35
89,36
90,36
91,34
92,49
93,34
94,36
95,48
0,32
1,39
2,36
3,33
4,48
5,58
6,61
7,70
8,48
9,47
10,37
11,48
12,85
13,38
14,71
16,72
15,62
17,34
18,38
19,61
20,59
21,33
22,33
23,48
24,35
25,48
26,36
27,35
28,37
29,48
30,60
32,33
31,47
33,36
34,35
35,37
36,37
37,35
38,60
39,49
40,105
41,30
42,48
43,60
44,50
45,47
46,34
47,36
48,50
49,47
50,36
51,34
52,34
53,46
54,36
55,62
56,47
57,34
58,48
59,44
60,47
61,39
62,36
63,33
64,47
65,73
66,36
67,46
68,33
69,37
70,34
71,49
72,32
73,47
74,51
75,37
76,48
77,49
78,36
80,57
79,61
81,73
82,61
83,35
84,34
85,38
86,36
87,36
88,31
89,37
90,36
91,48
92,49
93,49
94,50
95,59
0,37
1,85
2,47
3,36
4,32
5,47
6,37
7,49
8,84
9,62
10,36
11,49
12,44
13,47
14,48
16,33
15,35
17,32
18,47
19,48
20,35
21,50
22,48
23,60
24,37
25,33
26,50
27,49
28,37
29,35
30,49
31,38
32,36
33,44
34,33
35,48
36,34
37,61
38,59
39,34
40,47
41,49
42,44
43,34
44,37
45,50
46,35
48,36
47,74
49,59
50,48
51,49
52,31
53,50
54,48
55,58
56,59
57,59
58,72
59,37
60,48
61,35
62,49
64,34
63,61
65,62
66,37
67,86
68,34
69,36
70,48
71,35
72,57
73,36
74,61
75,75
76,50
77,45
78,36
80,37
79,44
81,47
82,60
83,47
84,49
85,47
86,32
87,50
88,32
89,37
90,34
91,62
92,47
93,33
94,35
95,36
0,34
1,46
2,73
3,46
4,47
5,73
6,34
7,48
8,73
9,84
10,72
11,34
12,49
13,44
14,46
16,46
15,49
17,50
18,48
19,60
20,49
21,49
22,75
23,154
24,44
25,59
26,47
27,46
28,61
29,34
32,46
30,121
33,58
31,32
34,36
35,45
36,97
37,59
38,35
39,63
40,98
41,49
42,48
43,98
44,46
45,47
48,46
46,33
49,34
47,50
50,49
51,49
52,47
53,41
54,118
55,71
56,60
57,33
58,44
59,61
60,87
61,80
62,49
64,45
65,49
63,63
66,48
67,59
68,49
69,51
70,46
71,36
72,44
73,75
74,59
75,34
76,97
77,59
78,50
80,48
79,47
81,58
82,34
83,60
84,45
85,49
86,59
87,46
88,35
89,59
90,59
91,83
92,38
93,168
94,33
95,60
0,48
1,47
2,49
3,35
4,60
5,63
6,48
7,72
8,98
9,46
10,58
11,70
12,47
13,31
16,73
14,73
17,70
15,43
18,34
19,56
20,61
21,111
22,48
23,48
24,122
25,66
26,73
27,60
28,58
29,32
32,36
30,86
33,73
31,35
34,47
35,33
36,46
37,60
38,61
39,70
40,91
41,95
42,61
43,49
44,58
45,30
46,45
48,46
47,36
49,61
50,48
51,45
52,46
53,48
54,67
55,46
56,49
57,46
58,62
59,33
60,74
61,60
62,63
64,32
63,60
65,48
66,32
67,34
68,74
69,36
70,94
71,61
72,48
73,73
74,71
75,56
76,47
77,34
78,49
79,46
80,121
81,49
82,47
83,44
84,55
85,61
86,46
87,87
88,60
89,47
90,35
91,33
92,93
93,56
94,46
95,58
0,48
1,49
2,69
3,60
4,36
5,59
6,35
7,38
8,47
9,97
10,32
11,72
12,48
13,142
16,36
14,47
17,46
15,73
18,37
19,60
20,95
21,48
22,70
23,107
24,58
25,73
26,110
27,48
28,47
29,35
30,34
32,87
31,58
33,35
34,49
35,60
36,34
37,75
38,50
39,34
40,71
41,47
42,49
43,72
44,59
45,117
48,34
46,32
49,62
47,27
50,60
51,46
52,97
53,61
54,49
55,44
56,60
57,47
58,34
59,48
60,67
61,33
62,36
64,58
63,84
65,74
66,35
67,48
68,47
69,46
70,81
71,60
72,35
73,50
74,47
75,48
76,35
77,165
80,36
78,106
81,34
79,37
82,69
83,143
84,48
85,71
86,79
87,45
88,32
89,48
90,38
91,37
92,47
93,33
94,51
95,36
0,47
1,49
2,36
3,49
4,60
5,42
6,60
7,35
8,69
9,61
10,72
11,46
12,60
13,61
14,38
16,35
15,47
17,86
18,62
19,46
20,36
21,33
22,74
23,45
24,33
25,47
26,50
27,88
28,97
29,86
32,36
30,70
33,59
31,47
34,74
35,60
36,60
37,122
38,47
39,47
40,48
41,45
42,81
43,40
44,47
45,70
46,57
48,59
47,46
49,63
50,59
51,39
52,37
53,45
54,33
55,84
56,37
57,48
58,73
59,32
60,61
61,34
62,63
64,48
63,34
65,74
66,60
67,46
68,60
69,106
70,49
71,47
72,49
73,73
74,159
75,62
76,31
77,57
80,36
78,72
81,48
79,49
82,35
83,49
84,47
85,92
86,49
87,45
88,92
89,37
90,46
91,73
92,37
93,34
94,35
95,75
0,62
1,57
2,59
3,60
4,49
5,60
6,69
7,49
8,123
9,35
10,47
11,35
12,93
13,38
16,70
14,48
17,81
15,36
18,72
19,46
20,100
21,36
22,83
23,46
24,34
25,71
26,35
27,58
28,49
29,45
32,29
30,34
33,61
31,57
34,62
35,34
36,35
37,35
38,61
39,60
40,38
41,62
42,74
43,59
44,107
45,42
46,83
48,87
47,82
49,63
50,34
51,73
52,47
53,48
54,97
55,47
56,33
57,63
58,47
59,85
60,35
61,47
64,34
62,60
65,36
63,61
66,49
67,59
68,33
69,49
70,33
71,74
72,79
73,98
74,50
75,35
76,44
77,32
78,46
80,44
79,61
81,39
82,128
83,38
84,58
85,46
86,46
87,60
88,35
89,35
90,33
91,47
92,99
93,80
94,47
95,74
0,127
1,44
2,36
3,36
4,34
5,72
6,62
7,34
8,46
9,47
10,59
11,34
12,73
13,61
14,44
16,79
15,74
17,75
18,72
19,58
20,33
21,36
22,37
23,32
24,36
25,33
26,45
27,35
28,50
29,131
30,60
32,60
31,47
33,37
34,48
35,87
36,46
37,63
38,47
39,44
40,90
41,59
42,99
43,73
44,49
45,71
48,73
46,49
47,34
49,100
50,46
51,50
52,61
53,35
54,59
55,98
56,61
57,62
58,49
59,70
60,42
61,58
62,30
64,72
63,32
65,36
66,60
67,37
68,34
69,63
70,60
71,39
72,59
73,61
74,61
75,83
76,34
77,48
78,47
80,49
79,46
81,48
82,72
83,34
84,50
85,37
86,38
87,37
88,71
89,47
90,33
91,36
92,99
93,73
94,34
95,36
0,62
1,59
2,46
3,38
4,33
5,35
6,72
7,58
8,47
9,49
10,36
11,35
12,87
13,47
14,36
16,61
15,39
17,36
18,48
19,85
20,74
21,70
22,62
23,34
24,60
25,47
26,45
27,48
28,49
29,47
30,60
32,72
31,48
33,57
34,73
35,36
36,33
37,36
38,36
39,85
40,89
41,76
42,72
43,71
44,84
45,34
48,56
46,84
49,38
47,46
50,36
51,37
52,62
53,43
54,48
55,46
56,45
57,47
58,74
59,83
60,34
61,73
62,71
64,34
63,37
65,33
66,159
67,33
68,86
69,98
70,62
71,45
72,35
73,35
74,34
75,59
76,50
77,59
78,32
80,36
79,34
81,44
82,72
83,45
84,46
85,47
86,82
87,34
88,38
89,36
90,31
91,48
92,60
93,62
94,47
95,73
0,48
1,32
2,47
3,34
4,35
5,86
6,48
7,46
8,32
9,36
10,45
11,48
12,45
13,38
14,96
16,38
15,35
17,123
18,37
19,35
20,73
21,37
22,62
23,48
24,62
25,59
26,46
27,34
28,86
29,48
32,32
30,46
33,62
31,36
34,49
35,63
36,35
37,35
38,86
39,37
40,36
41,47
42,69
43,47
44,32
45,51
46,37
48,46
47,49
49,59
50,75
51,37
52,48
53,34
54,37
55,37
56,35
57,32
58,47
59,36
60,35
61,63
62,60
63,35
64,33
65,47
66,38
67,61
68,33
69,32
70,34
71,35
72,31
73,37
74,36
75,35
76,58
77,34
78,59
79,59
80,50
81,49
82,60
83,59
84,48
85,74
86,34
87,50
88,34
89,48
90,33
91,48
92,34
93,48
94,34
95,36
0,45
1,37
2,34
3,48
4,60
5,46
6,47
7,57
8,60
9,32
10,48
11,47
12,45
13,35
14,45
16,48
15,37
17,73
18,66
19,50
20,61
21,36
22,47
23,47
24,117
25,48
26,36
27,50
28,60
29,60
30,60
32,47
31,74
33,71
34,71
35,118
36,61
37,45
38,36
39,119
40,81
41,35
42,60
43,36
44,48
45,47
46,58
48,74
47,49
49,50
50,49
51,57
52,34
53,48
54,59
55,59
56,48
57,36
58,73
59,45
60,35
61,35
62,60
64,74
63,33
65,51
66,35
67,35
68,56
69,142
70,31
71,47
72,47
73,46
74,34
75,50
76,61
77,85
78,34
80,44
79,49
81,46
82,58
83,36
84,73
85,36
86,57
87,62
88,47
89,47
90,98
91,37
92,60
93,62
94,61
95,59
0,45
1,50
2,45
3,32
4,49
5,73
6,57
7,32
8,46
9,60
10,34
11,36
12,35
13,45
14,60
16,36
15,34
17,36
18,86
19,35
20,59
21,33
22,36
23,35
24,34
25,49
26,47
27,88
28,61
29,49
30,62
32,73
31,84
33,49
34,46
35,61
36,60
37,47
38,38
39,36
40,71
41,35
42,60
43,35
44,35
45,49
46,45
48,48
47,60
49,46
50,34
51,37
52,48
53,48
54,48
55,36
56,106
57,71
58,74
59,47
60,36
61,36
62,73
64,73
63,76
65,58
66,47
67,33
68,62
69,35
70,34
71,48
72,36
73,48
74,75
75,57
76,62
77,34
78,45
80,49
79,50
81,35
82,36
83,34
84,60
85,48
86,35
87,62
88,47
89,37
90,45
91,49
92,51
93,36
94,48
95,74
0,48
1,48
2,35
3,35
4,36
5,51
6,87
7,38
8,46
9,48
10,62
11,36
12,74
13,59
14,35
16,43
15,48
17,60
18,32
19,50
20,37
21,62
22,38
23,32
24,38
25,35
26,47
27,47
28,35
29,67
30,70
32,36
31,62
33,60
34,49
35,60
36,35
37,36
38,39
39,58
40,87
41,37
42,62
43,63
44,47
45,47
48,34
46,46
49,72
47,63
50,60
51,36
52,38
53,87
54,50
55,47
56,32
57,50
58,36
59,71
60,34
61,46
62,60
64,75
63,36
65,74
66,43
67,34
68,34
69,61
70,49
71,47
72,36
73,38
74,38
75,48
76,61
77,49
78,49
80,71
79,38
81,48
82,35
83,46
84,36
85,36
86,49
87,48
88,60
89,34
90,85
91,36
92,31
93,36
94,46
95,98
0,32
1,73
2,47
3,50
4,44
5,86
6,112
7,60
8,74
9,46
10,33
11,92
12,61
13,48
16,34
14,36
17,36
15,59
18,87
19,48
20,33
21,47
22,46
23,34
24,58
25,48
26,36
27,73
28,46
29,35
30,46
31,35
32,50
33,62
34,35
35,51
36,48
37,36
38,48
39,38
40,72
41,61
42,34
43,70
44,72
45,32
46,46
48,35
47,72
49,36
50,34
51,37
52,46
53,45
54,60
55,46
56,34
57,122
58,33
59,85
60,33
61,35
62,74
64,34
63,58
65,47
66,49
67,35
68,48
69,33
70,35
71,37
72,49
73,34
74,36
75,60
76,83
77,61
78,46
80,37
79,34
81,63
82,50
83,58
84,58
85,62
86,59
87,64
88,47
89,62
90,72
91,37
92,48
93,36
94,50
95,59
0,37
1,73
2,47
3,62
4,34
5,74
6,49
7,75
8,61
9,47
10,37
11,61
12,98
13,61
16,60
14,34
15,49
17,61
18,33
19,36
20,67
21,60
22,43
23,47
24,36
25,58
26,46
27,91
28,48
29,49
30,34
32,34
31,35
33,59
34,38
35,59
36,38
37,63
38,51
39,49
40,61
41,92
42,36
43,34
44,36
45,62
46,34
48,33
47,46
49,47
50,35
51,33
52,47
53,37
54,36
55,33
56,36
57,60
58,75
59,72
60,34
61,37
62,45
63,48
64,60
65,61
66,48
67,71
68,36
69,37
70,47
71,36
72,72
73,33
74,49
75,36
76,44
77,50
78,83
80,60
79,61
81,59
82,35
83,59
84,35
85,48
86,47
87,59
88,63
89,74
90,36
91,71
92,35
93,36
94,36
95,61
0,49
1,46
2,48
3,60
4,48
5,35
6,99
7,47
8,62
9,81
10,72
11,58
12,100
13,62
16,36
14,49
17,62
15,62
18,73
19,71
20,74
21,85
22,35
23,48
24,48
25,58
26,43
27,36
28,32
29,35
30,46
32,46
31,48
33,35
34,159
35,34
36,37
37,36
38,35
39,38
40,36
41,37
42,36
43,36
44,75
45,48
46,36
48,46
47,37
49,50
50,35
51,39
52,62
53,34
54,32
55,67
56,36
57,48
58,92
59,36
60,33
61,59
62,37
63,48
64,43
65,74
66,38
67,32
68,86
69,47
70,30
71,34
72,33
73,31
74,60
75,46
76,37
77,62
78,49
79,47
80,49
81,35
82,49
83,85
84,47
85,35
86,36
87,47
88,33
89,46
90,59
91,35
92,34
93,33
94,49
95,46
0,61
1,34
2,50
3,48
4,63
5,60
6,36
7,34
8,49
9,48
10,62
11,34
12,47
13,88
14,61
16,47
17,37
15,60
18,46
19,34
20,37
21,62
22,45
23,47
24,48
25,35
26,35
27,61
28,49
29,35
30,36
32,71
31,61
33,70
34,47
35,37
36,62
37,37
38,47
39,36
40,72
41,46
42,48
43,38
44,85
45,35
46,35
48,47
47,35
49,61
50,88
51,35
52,47
53,58
54,61
55,60
56,85
57,51
58,85
59,33
60,49
61,84
64,45
62,130
65,59
63,49
66,116
67,34
68,35
69,61
70,32
71,48
72,63
73,36
74,34
75,71
76,73
77,48
78,103
80,60
79,48
81,33
82,48
83,60
84,50
85,74
86,50
87,35
88,60
89,62
90,48
91,48
92,87
93,35
94,34
95,49
0,34
1,35
2,48
3,36
4,49
5,60
6,38
7,34
8,50
9,61
10,108
11,38
12,45
13,35
14,36
16,49
15,35
17,50
18,59
19,36
20,31
21,50
22,35
23,44
24,37
25,49
26,36
27,61
28,49
29,36
30,49
32,63
31,74
33,34
34,49
35,38
36,61
37,49
38,62
39,49
40,34
41,62
42,60
43,49
44,35
45,46
46,48
48,51
47,78
49,35
50,34
51,61
52,57
53,34
54,50
55,33
56,74
57,33
58,49
59,49
60,124
61,48
62,34
64,35
63,48
65,34
66,49
67,34
68,37
69,61
70,36
71,50
72,62
73,61
74,34
75,37
76,35
77,72
78,37
80,32
79,62
81,34
82,37
83,73
84,35
85,86
86,59
87,48
88,32
89,50
90,37
91,46
92,37
93,61
94,34
95,34
0,56
1,46
2,33
3,49
4,34
5,59
6,47
7,35
8,46
9,36
10,49
11,33
12,48
13,50
14,47
15,62
16,92
17,36
18,47
19,50
20,36
21,44
22,111
23,47
24,49
25,48
26,59
27,72
28,80
29,46
30,34
32,34
33,36
31,97
34,46
35,48
36,48
37,46
38,73
39,73
40,48
41,33
42,48
43,37
44,35
45,74
46,35
48,58
47,37
49,73
50,35
51,48
52,33
53,37
54,48
55,49
56,87
57,35
58,35
59,61
60,46
61,75
62,57
64,37
63,34
65,34
66,45
67,46
68,97
69,47
70,35
71,49
72,88
73,94
74,36
75,48
76,35
77,36
78,35
80,47
79,59
81,47
82,49
83,34
84,59
85,35
86,59
87,86
88,35
89,49
90,34
91,36
92,48
93,35
94,34
95,69
0,61
1,71
2,59
3,73
4,87
5,46
6,86
7,37
8,50
9,32
10,46
11,35
12,47
13,35
14,48
16,73
15,45
17,61
18,36
19,62
20,45
21,35
22,61
23,48
24,47
25,48
26,61
27,46
28,35
29,34
30,74
32,59
31,98
33,58
34,59
35,72
36,48
37,61
38,72
39,50
40,47
41,37
42,48
43,60
44,45
45,35
46,85
48,47
49,47
47,59
50,49
51,48
52,55
53,81
54,34
55,63
56,35
57,48
58,46
59,63
60,34
61,38
62,68
64,47
63,35
65,49
66,62
67,35
68,36
69,60
70,49
71,96
72,49
73,34
74,48
75,36
76,36
77,60
78,34
80,59
79,36
81,74
82,46
83,60
84,48
85,47
86,74
87,30
88,62
89,38
90,35
91,47
92,46
93,34
94,47
95,36
0,36
1,36
2,51
3,50
4,35
5,61
6,72
7,46
8,59
9,35
10,47
11,48
12,35
13,60
14,48
16,71
15,36
17,33
18,47
19,57
20,62
21,35
22,35
23,37
24,59
25,49
26,88
27,47
28,49
29,33
30,61
32,60
31,35
33,34
34,61
35,60
36,36
37,58
38,60
39,60
40,49
41,35
42,36
43,45
44,86
45,60
46,63
48,48
47,60
49,62
50,48
51,32
52,73
53,34
54,60
55,47
56,46
57,49
58,86
59,48
60,34
61,34
62,35
64,61
63,84
65,35
66,61
67,38
68,48
69,99
70,62
71,59
72,47
73,36
74,37
75,73
76,50
77,36
78,36
80,59
79,47
81,46
82,48
83,60
84,49
85,72
86,37
87,63
88,47
89,37
90,104
91,45
92,98
93,34
94,57
95,48
0,37
1,60
2,99
3,34
4,34
5,35
6,47
7,62
8,59
9,48
10,72
11,30
12,33
13,73
14,59
16,36
15,70
17,48
18,70
19,49
20,47
21,47
22,37
23,60
24,50
25,48
26,61
27,74
28,48
29,45
30,36
32,61
31,48
33,48
34,37
35,35
36,33
37,50
38,60
39,61
40,49
41,61
42,59
43,50
44,36
45,73
46,45
48,37
47,35
49,58
50,48
51,47
52,34
53,103
54,99
55,36
56,35
57,49
58,37
59,60
60,60
61,48
62,61
64,59
63,62
65,44
66,47
67,72
68,51
69,72
70,35
71,47
72,50
73,62
74,71
75,82
76,94
77,49
80,35
78,74
81,47
79,58
82,36
83,46
84,37
85,60
86,49
87,47
88,37
89,39
90,35
91,59
92,47
93,35
94,60
95,36
0,48
1,44
2,46
3,95
4,37
5,61
6,61
7,85
8,60
9,47
10,36
11,84
12,49
13,49
14,33
16,46
15,72
17,97
18,57
19,60
20,47
21,59
22,49
23,48
24,34
25,35
26,47
27,47
28,32
29,50
30,35
32,45
31,58
33,48
34,37
35,57
36,35
37,62
38,47
39,88
40,49
41,72
42,47
43,71
44,48
45,48
46,50
48,49
47,32
49,49
50,49
51,72
52,60
53,72
54,58
55,60
56,59
57,73
58,46
59,56
60,32
61,62
62,84
64,60
63,60
65,34
66,61
67,46
68,60
69,72
70,47
71,61
72,36
73,72
74,37
75,33
76,97
77,109
78,47
80,47
81,31
79,60
82,72
83,47
84,48
85,68
86,70
87,50
88,71
89,34
90,36
91,59
92,59
93,57
94,60
95,48
0,114
1,60
2,60
3,34
4,45
5,47
6,60
7,60
8,49
9,34
10,36
11,46
12,73
13,49
16,74
14,59
17,37
15,60
18,59
19,47
20,61
21,49
22,37
23,36
24,92
25,46
26,48
27,73
28,47
29,60
30,87
32,61
31,36
33,47
34,58
35,74
36,47
37,60
38,58
39,50
40,59
41,48
42,45
43,44
44,32
45,73
46,61
48,62
47,35
49,57
50,34
51,49
52,88
53,72
54,49
55,59
56,71
57,72
58,61
59,47
60,60
61,48
64,72
62,61
65,59
63,85
66,62
67,60
68,72
69,60
70,46
71,47
72,45
73,58
74,45
75,34
76,71
77,80
78,32
80,36
79,109
81,37
82,123
83,50
84,50
85,49
86,33
87,59
88,32
89,71
90,48
91,33
92,37
93,57
94,122
95,48
0,62
1,34
2,58
3,72
4,48
5,76
6,62
7,46
8,59
9,33
10,84
11,155
12,39
13,155
16,62
14,46
17,74
15,62
18,73
19,60
20,71
21,35
22,46
23,46
24,74
25,59
26,36
27,48
28,46
29,85
32,36
30,47
33,47
31,33
34,35
35,34
36,49
37,45
38,75
39,49
40,49
41,75
42,37
43,71
44,44
45,46
46,47
48,71
47,48
49,61
50,59
51,85
52,59
53,49
54,86
55,130
56,47
57,69
58,49
59,61
60,37
61,98
64,50
62,47
65,71
63,61
66,91
67,59
68,48
69,48
70,47
71,63
72,35
73,35
74,48
75,59
76,35
77,73
78,34
80,59
79,59
81,34
82,57
83,46
84,72
85,45
86,49
87,49
88,45
89,78
90,37
91,63
92,47
93,47
94,32
95,84
0,37
1,74
2,71
3,72
4,48
5,50
6,32
7,37
8,110
9,36
10,108
11,34
12,98
13,59
16,45
14,37
17,37
15,61
18,48
19,47
20,39
21,72
22,49
23,48
24,59
25,59
26,35
27,105
28,107
29,61
32,45
30,76
33,59
31,74
34,36
35,34
36,92
37,36
38,73
39,35
40,62
41,61
42,60
43,50
44,48
45,48
46,122
48,76
49,49
47,84
50,59
51,61
52,30
53,34
54,36
55,49
56,49
57,60
58,49
59,36
60,118
61,33
62,44
64,49
63,45
65,50
66,58
67,33
68,62
69,61
70,61
71,73
72,50
73,71
74,73
75,85
76,39
77,73
78,45
80,97
79,103
81,70
82,47
83,32
84,60
85,48
86,34
87,49
88,45
89,45
90,59
91,48
92,47
93,69
94,61
95,85
0,31
1,38
2,35
3,45
4,32
5,46
6,35
7,35
8,34
9,33
10,46
11,71
12,48
13,37
14,47
15,130
16,62
17,35
18,75
19,71
20,50
21,48
22,61
23,63
24,39
25,34
26,75
27,47
28,37
29,48
32,55
30,96
33,48
34,38
31,61
35,58
36,48
37,77
38,72
39,34
40,50
41,48
42,35
43,61
44,40
45,48
46,48
48,34
47,60
49,59
50,47
51,48
52,49
53,63
54,61
55,32
56,61
57,35
58,37
59,34
60,37
61,32
62,48
63,35
64,33
65,33
66,115
67,36
68,37
69,35
70,43
71,64
72,55
73,61
74,72
75,48
76,61
77,35
78,60
80,35
79,36
81,34
82,36
83,44
84,83
85,48
86,48
87,59
88,73
89,60
90,47
91,36
92,49
93,86
94,47
95,49
0,72
1,47
2,35
3,34
4,72
5,59
6,47
7,62
8,36
9,73
10,85
11,74
12,72
13,47
16,74
14,50
17,48
15,75
18,34
19,85
20,61
21,48
22,46
23,48
24,36
25,46
26,74
27,48
28,47
29,72
30,59
32,87
31,62
33,36
34,34
35,87
36,73
37,48
38,62
39,35
40,36
41,46
42,46
43,47
44,69
45,61
48,34
46,47
49,34
47,36
50,60
51,44
52,72
53,33
54,47
55,38
56,48
57,34
58,49
59,49
60,48
61,46
62,48
64,48
63,63
65,33
66,48
67,34
68,62
69,34
70,48
71,47
72,63
73,44
74,35
75,72
76,36
77,36
78,58
80,60
79,86
81,37
82,36
83,62
84,96
85,36
86,75
87,46
88,48
89,37
90,58
91,104
92,37
93,32
94,45
95,49
