0,2730
28,1874
29,2504
14,9614
42,2045
15,1776
16,1063
1,18168
17,3324
2,4707
70,1196
43,10361
3,1914
56,5903
18,3665
4,2274
57,2818
44,3075
58,2335
84,2417
5,2702
71,7128
59,3644
60,3133
6,2436
72,2927
85,5891
30,24407
61,4496
19,9897
20,968
73,6117
31,4089
74,4430
7,8956
45,13737
32,3471
46,1572
8,3286
62,13257
47,5991
33,6219
9,6642
48,2850
10,2770
49,2894
63,5765
86,19026
50,2515
64,1674
34,6045
51,1595
11,2705
87,3473
52,2529
21,20363
88,1448
65,3502
75,24816
53,3979
89,1557
90,2209
54,5784
12,7788
66,5234
55,3435
35,8860
67,1591
22,7758
91,5603
92,2957
13,5175
68,5366
23,6121
93,4248
36,8629
69,6565
94,7300
76,19051
24,7121
77,1283
37,9146
25,1856
95,3152
38,1928
39,1901
78,5460
96,3422
26,8228
40,7461
79,9406
27,7314
41,4514
80,5441
97,26943
81,15003
82,4749
83,6553
14,72
15,1197
16,72
17,45
28,140
29,127
0,10944
56,58
57,1066
58,1126
1,13420
2,1997
3,1142
42,14807
59,24670
60,5667
4,24938
5,33
61,11182
6,11055
7,770
8,64
9,10458
10,783
43,60632
44,32
45,7748
46,283
47,32
11,18585
12,5977
13,14853
18,157676
19,827
20,105
30,146260
21,18006
22,2374
48,136238
49,11914
50,7879
23,46693
84,349660
85,17296
86,36
87,1081
88,233
89,1342
90,1694
91,20870
62,396009
63,4338
64,796
65,31
66,132
67,15606
68,876
69,1620
92,146621
93,450
94,418
95,43102
96,9238
97,31
31,707168
32,1719
33,112215
51,870156
52,3379
53,3208
54,6937
55,30
70,3097496
71,964
72,174469
73,30
74,45
75,5546
24,3152055
76,201787
77,1488
78,32
79,5176
80,129
81,4343
82,16225
83,56
25,245757
26,29
27,13225
34,4364075
35,2416
36,26286
37,14456
38,1963
39,4219
40,67
41,34
0,104
14,142
15,177
16,61
17,34
1,6336
18,341
19,1103
20,93
2,3033
28,43
29,138
56,44
3,6606
57,932
42,9220
58,1050
59,217
70,164
71,1478
21,19992
22,1242
23,33
24,1725
25,577
26,27
27,487
72,7569
73,31
74,28
75,3425
30,62749
43,94787
44,32
31,17489
32,768
45,18471
46,957
76,85125
47,35
48,14049
49,1288
50,1255
51,2744
52,76
53,2756
77,38395
78,36
4,148478
79,932
5,35
80,58
6,1567
7,1225
8,80
9,112
10,674
33,62542
34,1612
35,567
81,8526
82,444
83,37
54,24335
55,150
11,64439
12,22328
13,44
60,282819
61,103
62,73
36,137364
37,1264
63,6624
38,1327
64,1736
39,614
65,33
40,255
66,46
41,32
84,947037
85,68295
86,37
87,1191
88,951
89,798
90,336
91,46
67,743669
92,2901
93,124
68,1734
94,2437
69,2822
95,4786087
96,925
97,249
0,61
14,2387
1,7145
2,254
15,405
16,45
17,29
3,1455
18,1027
4,77
28,298
5,70
6,1698
7,978
56,61
57,418
70,265
58,2485
59,195
71,2585
60,3415
61,34
62,46
63,34
42,18811
43,1260
84,11198
85,2131
44,4864
45,1658
19,25544
20,58
64,13403
21,7181
46,11260
47,2609
48,6239
49,796
50,498
51,5277
52,60
53,3951
22,33851
23,34
24,1786
25,581
26,34
27,885
72,44102
73,9444
74,29
75,6254
65,73275
66,35
54,48646
67,1543
55,336
86,115997
87,2436
88,1056
89,1467
90,346
91,83
29,161115
92,982
93,317
94,3235
68,29654
69,2070
30,103765
31,131632
32,3835
33,45830
34,954
35,1567
36,134671
37,1705
38,1477
39,368
40,414
41,34
8,2435028
9,91
10,413
11,33
12,42
13,69
76,2902200
77,36
78,30
79,1478
80,90
81,3687
82,1191
83,352
95,2823833
96,3115
97,342323
0,108
14,32
28,133
29,1561
42,56
43,1483
44,971
45,1176
15,15465
16,37
17,48
18,34
19,56
20,99
46,2399
56,1773
21,2464
22,79
1,14819
57,795
2,56
58,35
59,103
47,2117
60,1037
61,80
62,62
63,35
3,3125
4,103
64,641
65,2421
66,56
67,313
5,2968
6,379
23,9570
7,919
8,526
9,24
10,1445
11,33
24,2295
12,104
25,29
48,6032
13,35
49,408
50,1088
84,6638
51,2034
52,208
53,560
54,2299
55,595
85,11570
86,113
30,52699
31,47
32,3790
68,337494
69,3038
33,471634
34,1844
35,683
36,232552
37,12239
38,12186
39,330
40,36445
41,53
26,897829
27,37
70,1982192
71,2078
72,588
73,16595
74,44182
75,305360
76,1510
77,44
78,34
79,2231
80,59786
81,2029
82,653359
83,3830
87,4249935
88,299
89,2439
90,127757
91,582435
92,2010
93,724
94,18470
95,2548388
96,805
97,8029957
0,1090
14,50
15,37
16,100
17,2501
18,30
19,132
20,35
28,36
29,886
21,1890
22,452
23,30
24,47
25,32
42,48
43,4620
56,1402
70,61
71,14959
72,48
26,18914
27,175
44,36513
45,968
46,423
47,1876
84,21678
48,15429
49,2796
50,7149
51,560
52,34
53,566
54,651
55,7187
30,144584
31,32
32,3019
85,133269
86,460
87,25114
88,431
73,149872
74,41
75,780
76,1580
89,37365
90,1287
77,11921
78,441
79,33
80,34
81,5822
82,947
83,47
91,84882
33,124062
34,4519
35,2182
36,21304
37,69
92,157360
93,23418
94,15909
38,222499
39,56
40,735
41,81
1,726712
2,332
3,3717
4,6397
5,66809
6,384
7,750
8,347
9,45
10,1051
57,901048
58,34
59,42
60,2966
61,5573
62,616
11,299840
12,124719
13,28
95,1051704
96,282
97,1653
63,1433923
64,45
65,8636
66,702
67,280
68,6753
69,25648
14,34
15,60
0,4356
16,827
17,1666
18,47
1,3163
28,128
29,1480
42,46
43,1216
44,260
45,837
30,6310
31,33
46,1296
32,1382
47,1152
70,58
84,2356
56,7831
71,5825
57,472
58,37
72,353
59,492
60,107
61,133
33,16036
85,10776
86,3475
19,42917
20,35
34,13417
35,150
21,6414
22,7156
23,34
24,27
48,38009
87,51520
25,63957
88,9066
89,776
90,1148
91,5978
92,707
93,1829
94,15445
26,53151
36,90789
37,47
27,9066
38,104764
39,59
40,1270
41,654
49,394611
2,568025
3,50253
4,129
5,28
6,250268
7,1295
8,1038
9,5778
10,746
11,2490
73,779133
74,42
75,3664
76,2647
77,698
78,1321
79,46
80,37
81,1857
82,2666
83,80
95,1038889
96,2030
97,1734
50,2725959
51,4132
52,32
53,30
54,1125
55,6703
12,2422020
13,35
62,6123442
63,33200
64,46
65,28
66,2400
67,808
68,2197
69,2386
0,3148
14,46
15,35
28,115
29,980
30,2505
42,49
31,3781
32,1797
43,7262
44,421
45,486
70,106
46,1795
84,1780
47,5688
71,9622
85,9727
72,19551
73,51
33,71837
74,45083
75,645
76,3171
77,925
78,844
79,868
80,4025
81,890
82,21020
83,57669
86,215224
87,1545
88,5550
89,816
90,425
91,45463
92,2993
34,197159
35,867
93,11447
36,2773
37,46
1,286233
2,691
94,14814
3,2507
4,678
5,45
6,3630
56,425976
57,57
38,158676
39,2469
40,202
58,81599
59,169
60,90
61,242
48,354264
49,1213
50,170
51,781
52,31
53,32
41,94639
54,193372
55,49848
62,350280
63,22895
64,1278
65,33
95,697136
96,13194
97,1666
16,1254328
17,2211
18,1337
19,419
66,724109
67,35531
68,6846
69,3710
7,1574609
8,21272
9,6280
10,997
11,2561
12,3458
13,6568
20,1585635
21,698
22,1294234
23,18738
24,54
25,16352
26,180
27,458086
0,8625
1,68
28,76
2,1267
29,988
30,1603
42,842
3,6991
31,12396
32,98
70,2265
33,1998
71,1263
84,2801
56,8166
57,133
58,34
59,127
60,49
61,131
4,17231
85,10254
86,271
87,494
88,3780
89,339
90,699
14,43420
15,33
16,1955
17,28
34,18851
91,3783
35,4207
92,9897
93,3667
94,1922
36,38259
37,91
38,8726
39,32
40,274
41,84
5,89534
6,9652
7,368
8,11011
9,548
10,15890
11,9231
12,4320
13,565
18,160169
19,198
20,812
21,1412
22,4696
62,154902
63,24971
43,259377
44,33
45,630
46,922
64,34698
65,5893
23,267304
24,780
25,8536
26,94
27,142
72,719061
73,118
74,35
75,2397
95,552481
96,1629
97,1609
76,75342
77,507185
78,2739
79,32
80,92193
47,1119285
48,911
49,744
50,102
81,3708
51,1214
52,33
53,300360
54,107447
55,121073
82,680364
83,17901
66,2878509
67,37767
68,2826
69,37
0,1130
1,460
2,3791
3,130
28,132
14,6420
15,32
29,1571
30,2110
31,1369
32,39
33,751
42,4732
34,3043
16,9213
17,33
43,5072
44,34
56,5028
35,14690
84,11135
85,1682
86,241
87,990
70,39999
71,1364
72,36
73,6495
74,32
57,26203
58,163
59,106
60,25
61,126
88,22093
89,169
90,2165
91,4838
75,29189
76,5844
77,1025
78,1394
79,78
80,142
36,113324
37,880
38,979
39,31
81,76781
82,1309
18,141990
19,803
20,844
83,28667
21,21852
22,2212
23,46
45,164496
46,1482
47,1261
48,545
49,1253
50,73
24,37824
51,2007
52,32
25,1894
26,377
27,216
62,151462
63,1118
64,999
65,33
66,30
67,2552
68,18397
69,327
53,25481
54,19571
55,8872
40,601375
41,621
92,1032936
93,3434
94,51548
4,1073326
5,578
6,19683
7,164
8,7641
9,309
10,59787
11,40841
95,1249319
96,3353
97,29889
12,1177064
13,559
0,528
1,3232
2,34
3,93
28,1088
29,378
14,8814
15,32
42,702
43,5606
44,1890
84,1095
56,7308
16,16656
17,47
85,7225
86,246
45,14503
87,6836
46,8317
47,2387
48,241
49,3917
50,621
51,777
52,36
70,59248
53,36786
71,24299
72,36
73,7581
74,30
57,97983
58,6543
59,152
60,118
61,33
88,138828
89,224
90,16573
91,2056
92,2007
93,1420
94,29622
95,12462
96,36
97,4937
54,106030
55,48451
18,430117
19,1198
20,2040
21,77
22,1545
23,37
24,35
25,5705
26,43428
27,10315
62,330038
63,14756
64,1479
65,28
66,151
67,20931
68,53625
69,1682
4,1078425
5,828
75,818542
6,172384
7,45
76,142703
77,1860
78,1105
8,14278
9,402
79,3830
80,203
81,35
82,1011
83,45
10,9748
11,6013
12,1187
13,1495
30,1678981
31,2384
32,104
33,1858
34,2645
35,9066
36,1267238
37,6227
38,3683
39,32
40,395968
41,9139
0,1464
1,962
2,31
3,84
4,32
28,2478
29,1255
42,168
43,4281
44,9835
70,3815
14,17171
84,1641
71,5018
72,94
73,192
74,36
85,3220
30,23215
86,2172
87,125
88,1193
89,36
90,341
91,1229
92,1784
93,3240
94,18853
95,573
96,44
97,11380
31,46943
32,6669
33,58
5,72772
6,1087
7,74
45,65818
34,3505
8,16518
46,6940
47,44
9,1568
48,215
49,1086
10,3986
50,3476
51,553
52,13810
35,21061
36,36
11,38909
12,4936
13,594
53,16499
54,77965
37,69208
38,434
39,27079
75,204075
76,20070
77,1700
78,1184
79,20759
40,76692
41,48
80,4082
81,118
82,4326
83,28
55,162401
56,367698
15,471712
16,1892
17,35
18,761
19,1170
20,624
21,124
22,1046
23,42
24,33
25,8246
26,1192
57,69725
58,2149
59,38717
27,151822
60,120861
61,44
62,73
63,181350
64,31
65,30
66,1486
67,10171
68,222338
69,926145
14,1358
0,10864
42,379
1,3642
2,45
3,268
4,46
43,2938
56,1938
70,1879
44,10383
71,3052
72,1076
73,90
84,4957
85,1510
86,168
87,39
74,8255
88,6137
89,47
90,864
91,493
92,3761
57,33479
58,1312
93,12988
94,65596
95,3315
96,35
5,88274
97,138
6,406
7,1676
8,40852
9,2725
10,1520
11,1648
12,35
13,1595
59,149640
45,167430
46,10266
47,56
48,239
49,720
50,6618
51,2203
52,38
53,6478
28,288691
29,4031
30,20432
31,1189
32,5577
33,27
15,292678
16,1940
17,36
18,28801
19,1120
20,950
21,1115
22,251
34,95789
23,104628
24,33
25,3100
26,1760
27,253
35,182963
36,183
37,4396
38,964
39,4423
60,523266
61,525
62,34
63,4389
64,32
65,2052
54,708657
55,3945
66,8217
67,14776
68,768
40,361014
41,42
69,285960
75,1118870
76,7835
77,766
78,808230
79,4481
80,98
81,664
82,191
83,49
14,526
56,625
70,1903
84,564
85,2540
86,128
87,129
71,6003
88,4327
89,860
90,4207
91,1010
57,55974
92,6251
58,1250
59,1351
60,526
61,1792
62,146
93,3631
72,26782
73,362
74,71
42,53313
75,526
43,1127
94,2765
44,2901
45,2229
46,369
47,4786
48,45
49,358
50,67
51,35
52,205
53,1167
54,312
55,729
76,17554
77,577
63,32076
64,7400
65,174
66,2745
28,79624
29,8823
30,4983
31,191
32,1937
33,92
34,27688
35,854
36,692
37,4996
38,1413
39,837
40,1471
41,45
78,77428
79,3754
80,617
81,1087
82,521
83,60
95,99527
96,74
97,109
0,414680
67,613188
68,612
69,27517
1,455973
2,886
15,936754
3,184164
4,2897
5,1106
6,485
16,16029
17,25977
7,536325
8,399
9,12129
10,8596
11,12981
12,30
13,575
18,557921
19,1657
20,538640
21,5322
22,2200
23,14378
24,5450
25,2871
26,8758
27,71
0,435
14,2982
15,740
16,976
17,222
18,918
19,1177
20,113
21,502
42,2088
43,2600
44,1322
56,1199
70,71
45,9526
46,808
84,379
47,2502
48,59
49,514
50,33
51,32
52,973
85,2894
86,799
87,37
88,2154
57,11558
58,1867
59,997
60,787
22,30467
53,11173
54,200
55,1319
61,10725
71,42212
72,34
73,520
74,35
75,632
76,6884
77,800
1,84916
2,345
62,70929
63,5591
64,383
65,183
66,1088
28,122653
29,2069
89,104041
30,10928
31,502
23,146558
78,77213
32,8172
33,103
79,3618
90,13821
91,421
92,1754
24,11840
25,3290
26,1722
27,236
34,19678
35,741
36,844
93,24323
94,4415
95,34497
3,107714
96,29046
97,428
37,128261
67,163203
68,475
38,3186
39,8061
40,314
41,2272
69,38709
4,317609
5,1807
6,1718
80,437455
81,8461
82,7896
83,872
7,861352
8,282
9,35791
10,2219
11,841
12,45
13,3463
0,1346
14,2318
70,162
71,1526
72,32
73,1055
